c Created graph - road-minnesota
a 7 1 4320
a 1 7 4320
a 17 2 7177
a 2 17 7177
a 4 3 2157
a 3 4 2157
a 12 3 7513
a 3 12 7513
a 10 5 7818
a 5 10 7818
a 9 6 3930
a 6 9 3930
a 8 7 1924
a 7 8 1924
a 15 7 3615
a 7 15 3615
a 10 9 3465
a 9 10 3465
a 13 9 8366
a 9 13 8366
a 11 10 9161
a 10 11 9161
a 12 11 7174
a 11 12 7174
a 44 11 7214
a 11 44 7214
a 21 12 5246
a 12 21 5246
a 19 13 2212
a 13 19 2212
a 15 14 5504
a 14 15 5504
a 16 15 7546
a 15 16 7546
a 17 16 4068
a 16 17 4068
a 35 16 5111
a 16 35 5111
a 32 17 1118
a 17 32 1118
a 19 18 1117
a 18 19 1117
a 20 19 7814
a 19 20 7814
a 23 20 9327
a 20 23 9327
a 52 20 9447
a 20 52 9447
a 22 21 1577
a 21 22 1577
a 24 21 6807
a 21 24 6807
a 40 22 1101
a 22 40 1101
a 45 23 8770
a 23 45 8770
a 32 24 9461
a 24 32 9461
a 26 25 4422
a 25 26 4422
a 27 26 8142
a 26 27 8142
a 29 26 8241
a 26 29 8241
a 30 27 6525
a 27 30 6525
a 31 27 6880
a 27 31 6880
a 29 28 3302
a 28 29 3302
a 36 28 2298
a 28 36 2298
a 30 29 4695
a 29 30 4695
a 37 30 8345
a 30 37 8345
a 38 31 8204
a 31 38 8204
a 35 32 7778
a 32 35 7778
a 42 32 2928
a 32 42 2928
a 34 33 2562
a 33 34 2562
a 35 33 4623
a 33 35 4623
a 41 33 2776
a 33 41 2776
a 43 35 6981
a 35 43 6981
a 39 36 8663
a 36 39 8663
a 39 37 3238
a 37 39 3238
a 39 38 4988
a 38 39 4988
a 45 38 462
a 38 45 462
a 48 39 7625
a 39 48 7625
a 72 40 516
a 40 72 516
a 47 41 666
a 41 47 666
a 53 42 1172
a 42 53 1172
a 55 43 7267
a 43 55 7267
a 57 44 4090
a 44 57 4090
a 50 45 1943
a 45 50 1943
a 47 46 7763
a 46 47 7763
a 61 47 3947
a 47 61 3947
a 49 48 4279
a 48 49 4279
a 51 48 6135
a 48 51 6135
a 86 49 2571
a 49 86 2571
a 51 50 4855
a 50 51 4855
a 65 50 8235
a 50 65 8235
a 121 51 4744
a 51 121 4744
a 129 52 2800
a 52 129 2800
a 54 53 4088
a 53 54 4088
a 71 53 2585
a 53 71 2585
a 55 54 7742
a 54 55 7742
a 56 55 8834
a 55 56 8834
a 60 55 216
a 55 60 216
a 63 56 8970
a 56 63 8970
a 58 57 7068
a 57 58 7068
a 70 57 8839
a 57 70 8839
a 82 58 2604
a 58 82 2604
a 67 59 5918
a 59 67 5918
a 62 60 9676
a 60 62 9676
a 63 60 1491
a 60 63 1491
a 63 61 9894
a 61 63 9894
a 64 61 5518
a 61 64 5518
a 66 62 4891
a 62 66 4891
a 68 62 1194
a 62 68 1194
a 69 63 3305
a 63 69 3305
a 120 65 1821
a 65 120 1821
a 125 65 8212
a 65 125 8212
a 79 66 1788
a 66 79 1788
a 88 67 6505
a 67 88 6505
a 98 67 4973
a 67 98 4973
a 90 68 6871
a 68 90 6871
a 93 69 8351
a 69 93 8351
a 81 70 5743
a 70 81 5743
a 75 71 8925
a 71 75 8925
a 74 72 7382
a 72 74 7382
a 182 73 4043
a 73 182 4043
a 76 74 3559
a 74 76 3559
a 79 75 7888
a 75 79 7888
a 77 76 4092
a 76 77 4092
a 78 77 7710
a 77 78 7710
a 83 77 3270
a 77 83 3270
a 81 78 9609
a 78 81 9609
a 83 79 8682
a 79 83 8682
a 81 80 3648
a 80 81 3648
a 82 80 9691
a 80 82 9691
a 89 81 7826
a 81 89 7826
a 95 82 8112
a 82 95 8112
a 84 83 0
a 83 84 0
a 85 83 7728
a 83 85 7728
a 96 84 4749
a 84 96 4749
a 94 85 3892
a 85 94 3892
a 88 86 5389
a 86 88 5389
a 147 87 2093
a 87 147 2093
a 109 88 2257
a 88 109 2257
a 91 89 2657
a 89 91 2657
a 92 90 7490
a 90 92 7490
a 93 90 3673
a 90 93 3673
a 158 90 694
a 90 158 694
a 96 91 3247
a 91 96 3247
a 99 91 9097
a 91 99 9097
a 94 92 7502
a 92 94 7502
a 103 93 3355
a 93 103 3355
a 96 94 2731
a 94 96 2731
a 101 94 5264
a 94 101 5264
a 131 95 4472
a 95 131 4472
a 100 96 8564
a 96 100 8564
a 102 97 5476
a 97 102 5476
a 119 98 568
a 98 119 568
a 142 99 2170
a 99 142 2170
a 153 100 6882
a 100 153 6882
a 124 101 4065
a 101 124 4065
a 116 102 6169
a 102 116 6169
a 147 102 3710
a 102 147 3710
a 104 103 4555
a 103 104 4555
a 105 104 402
a 104 105 402
a 106 104 7556
a 104 106 7556
a 107 104 9734
a 104 107 9734
a 115 105 4728
a 105 115 4728
a 108 107 1617
a 107 108 1617
a 110 108 7889
a 108 110 7889
a 111 108 9635
a 108 111 9635
a 136 109 8829
a 109 136 8829
a 137 109 2261
a 109 137 2261
a 113 110 1767
a 110 113 1767
a 114 110 2481
a 110 114 2481
a 114 112 2339
a 112 114 2339
a 115 113 7891
a 113 115 7891
a 117 114 8938
a 114 117 8938
a 156 115 7677
a 115 156 7677
a 168 117 2193
a 117 168 2193
a 119 118 6096
a 118 119 6096
a 155 118 4190
a 118 155 4190
a 191 118 2500
a 118 191 2500
a 154 119 4490
a 119 154 4490
a 123 120 3480
a 120 123 3480
a 122 121 3049
a 121 122 3049
a 141 122 5066
a 122 141 5066
a 126 123 1887
a 123 126 1887
a 143 124 7556
a 124 143 7556
a 150 124 4807
a 124 150 4807
a 130 125 900
a 125 130 900
a 140 125 9637
a 125 140 9637
a 130 126 8572
a 126 130 8572
a 144 126 1479
a 126 144 1479
a 129 127 1074
a 127 129 1074
a 133 127 4465
a 127 133 4465
a 188 127 9161
a 127 188 9161
a 129 128 8883
a 128 129 8883
a 132 128 892
a 128 132 892
a 146 130 6320
a 130 146 6320
a 133 131 6229
a 131 133 6229
a 140 132 2397
a 132 140 2397
a 216 133 4680
a 133 216 4680
a 135 134 7956
a 134 135 7956
a 136 134 4146
a 134 136 4146
a 141 135 7380
a 135 141 7380
a 137 136 5349
a 136 137 5349
a 219 136 6680
a 136 219 6680
a 138 137 3859
a 137 138 3859
a 139 138 2902
a 138 139 2902
a 199 138 2312
a 138 199 2312
a 164 139 7524
a 139 164 7524
a 145 140 3963
a 140 145 3963
a 151 141 255
a 141 151 255
a 152 142 7824
a 142 152 7824
a 160 143 9676
a 143 160 9676
a 148 144 5744
a 144 148 5744
a 159 145 9504
a 145 159 9504
a 271 146 3208
a 146 271 3208
a 183 147 306
a 147 183 306
a 149 148 6972
a 148 149 6972
a 197 148 8747
a 148 197 8747
a 151 149 856
a 149 151 856
a 198 149 2637
a 149 198 2637
a 153 150 2976
a 150 153 2976
a 178 150 6507
a 150 178 6507
a 266 151 6456
a 151 266 6456
a 153 152 7105
a 152 153 7105
a 165 152 100
a 152 165 100
a 172 153 5280
a 153 172 5280
a 190 154 5635
a 154 190 5635
a 164 155 7853
a 155 164 7853
a 191 155 1663
a 155 191 1663
a 158 156 9015
a 156 158 9015
a 162 156 1636
a 156 162 1636
a 187 157 2148
a 157 187 2148
a 252 157 1072
a 157 252 1072
a 163 158 1497
a 158 163 1497
a 188 159 8271
a 159 188 8271
a 161 160 6083
a 160 161 6083
a 169 160 6503
a 160 169 6503
a 163 161 7354
a 161 163 7354
a 163 162 8894
a 162 163 8894
a 167 162 6210
a 162 167 6210
a 166 163 5955
a 163 166 5955
a 194 164 4337
a 164 194 4337
a 170 165 9798
a 165 170 9798
a 167 166 3382
a 166 167 3382
a 174 166 9881
a 166 174 9881
a 175 167 4744
a 167 175 4744
a 171 168 6390
a 168 171 6390
a 175 168 258
a 168 175 258
a 195 168 4269
a 168 195 4269
a 173 169 5257
a 169 173 5257
a 180 169 6012
a 169 180 6012
a 193 170 2765
a 170 193 2765
a 189 172 7841
a 172 189 7841
a 176 173 9032
a 173 176 9032
a 180 174 6212
a 174 180 6212
a 185 175 559
a 175 185 559
a 177 176 3015
a 176 177 3015
a 179 177 6800
a 177 179 6800
a 181 178 2445
a 178 181 2445
a 181 179 4869
a 179 181 4869
a 186 180 2260
a 180 186 2260
a 189 181 9973
a 181 189 9973
a 202 181 7658
a 181 202 7658
a 184 182 9924
a 182 184 9924
a 184 183 819
a 183 184 819
a 200 184 8313
a 184 200 8313
a 195 185 5218
a 185 195 5218
a 202 186 6202
a 186 202 6202
a 223 186 8434
a 186 223 8434
a 200 187 7706
a 187 200 7706
a 196 188 2116
a 188 196 2116
a 210 189 8447
a 189 210 8447
a 224 189 6077
a 189 224 6077
a 252 190 7992
a 190 252 7992
a 333 190 5930
a 190 333 5930
a 194 191 9403
a 191 194 9403
a 206 191 3174
a 191 206 3174
a 193 192 5396
a 192 193 5396
a 209 192 3017
a 192 209 3017
a 213 193 7490
a 193 213 7490
a 199 194 1678
a 194 199 1678
a 225 195 3300
a 195 225 3300
a 220 196 8403
a 196 220 8403
a 227 196 1514
a 196 227 1514
a 198 197 5747
a 197 198 5747
a 273 197 4708
a 197 273 4708
a 287 198 8457
a 198 287 8457
a 201 199 1901
a 199 201 1901
a 242 200 9845
a 200 242 9845
a 203 201 7014
a 201 203 7014
a 204 201 8544
a 201 204 8544
a 222 202 4570
a 202 222 4570
a 208 203 8054
a 203 208 8054
a 207 204 6810
a 204 207 6810
a 206 205 3470
a 205 206 3470
a 231 205 2293
a 205 231 2293
a 265 205 510
a 205 265 510
a 265 206 9480
a 206 265 9480
a 208 207 305
a 207 208 305
a 214 207 3871
a 207 214 3871
a 217 208 4088
a 208 217 4088
a 211 209 3242
a 209 211 3242
a 213 209 2893
a 209 213 2893
a 212 210 4864
a 210 212 4864
a 216 211 2493
a 211 216 2493
a 213 212 4455
a 212 213 4455
a 280 213 4688
a 213 280 4688
a 215 214 6688
a 214 215 6688
a 217 214 4299
a 214 217 4299
a 238 215 5482
a 215 238 5482
a 218 216 6356
a 216 218 6356
a 221 217 7990
a 217 221 7990
a 226 218 5601
a 218 226 5601
a 234 219 2161
a 219 234 2161
a 233 220 3920
a 220 233 3920
a 230 221 920
a 221 230 920
a 235 221 6650
a 221 235 6650
a 275 222 1346
a 222 275 1346
a 281 223 8603
a 223 281 8603
a 274 224 1745
a 224 274 1745
a 268 225 291
a 225 268 291
a 228 226 3319
a 226 228 3319
a 232 226 9534
a 226 232 9534
a 229 227 7904
a 227 229 7904
a 229 228 5323
a 228 229 5323
a 232 229 5962
a 229 232 5962
a 233 229 1349
a 229 233 1349
a 231 230 6893
a 230 231 6893
a 243 231 9446
a 231 243 9446
a 246 232 2780
a 232 246 2780
a 245 233 1026
a 233 245 1026
a 236 234 1622
a 234 236 1622
a 237 234 7854
a 234 237 7854
a 244 235 9310
a 235 244 9310
a 237 236 6701
a 236 237 6701
a 240 236 9288
a 236 240 9288
a 239 237 7590
a 237 239 7590
a 239 238 8355
a 238 239 8355
a 241 238 9596
a 238 241 9596
a 251 240 298
a 240 251 298
a 253 241 1692
a 241 253 1692
a 269 242 9581
a 242 269 9581
a 244 243 1131
a 243 244 1131
a 260 244 9010
a 244 260 9010
a 247 245 7195
a 245 247 7195
a 248 245 3796
a 245 248 3796
a 249 246 1337
a 246 249 1337
a 249 247 5499
a 247 249 5499
a 250 248 1594
a 248 250 1594
a 250 249 8245
a 249 250 8245
a 254 249 6831
a 249 254 6831
a 255 250 6094
a 250 255 6094
a 256 251 4421
a 251 256 4421
a 257 251 6231
a 251 257 6231
a 269 252 9564
a 252 269 9564
a 259 253 2285
a 253 259 2285
a 294 254 7349
a 254 294 7349
a 264 255 7673
a 255 264 7673
a 257 256 4082
a 256 257 4082
a 261 256 9599
a 256 261 9599
a 258 257 3759
a 257 258 3759
a 262 258 8198
a 258 262 8198
a 285 258 6695
a 258 285 6695
a 260 259 8981
a 259 260 8981
a 261 259 2662
a 259 261 2662
a 345 260 2763
a 260 345 2763
a 266 262 6521
a 262 266 6521
a 264 263 8923
a 263 264 8923
a 270 263 3245
a 263 270 3245
a 317 263 6399
a 263 317 6399
a 320 265 34
a 265 320 34
a 272 266 4043
a 266 272 4043
a 268 267 2237
a 267 268 2237
a 283 268 8225
a 268 283 8225
a 333 269 2131
a 269 333 2131
a 278 270 6731
a 270 278 6731
a 328 270 7311
a 270 328 7311
a 273 271 4320
a 271 273 4320
a 278 271 7328
a 271 278 7328
a 292 272 6726
a 272 292 6726
a 324 272 2392
a 272 324 2392
a 279 273 2259
a 273 279 2259
a 276 274 9320
a 274 276 9320
a 277 274 7592
a 274 277 7592
a 304 274 4350
a 274 304 4350
a 277 275 1385
a 275 277 1385
a 282 275 3951
a 275 282 3951
a 280 276 9475
a 276 280 9475
a 286 279 8314
a 279 286 8314
a 288 279 5210
a 279 288 5210
a 291 280 8617
a 280 291 8617
a 282 281 47
a 281 282 47
a 283 281 5276
a 281 283 5276
a 302 281 4749
a 281 302 4749
a 305 282 8277
a 282 305 8277
a 284 283 2750
a 283 284 2750
a 301 284 5077
a 284 301 5077
a 350 285 2339
a 285 350 2339
a 288 286 2340
a 286 288 2340
a 290 286 6590
a 286 290 6590
a 293 287 9718
a 287 293 9718
a 289 288 5328
a 288 289 5328
a 306 289 5541
a 289 306 5541
a 293 290 967
a 290 293 967
a 300 291 9395
a 291 300 9395
a 296 292 4634
a 292 296 4634
a 295 293 1935
a 293 295 1935
a 298 294 9556
a 294 298 9556
a 300 294 2227
a 294 300 2227
a 296 295 6329
a 295 296 6329
a 299 295 2970
a 295 299 2970
a 297 296 9998
a 296 297 9998
a 324 297 4118
a 297 324 4118
a 316 298 3359
a 298 316 3359
a 336 298 3178
a 298 336 3178
a 330 299 7860
a 299 330 7860
a 318 300 1155
a 300 318 1155
a 302 301 3361
a 301 302 3361
a 315 301 5833
a 301 315 5833
a 305 302 2359
a 302 305 2359
a 313 302 7405
a 302 313 7405
a 304 303 6339
a 303 304 6339
a 305 303 6095
a 303 305 6095
a 309 304 4514
a 304 309 4514
a 312 304 1394
a 304 312 1394
a 314 305 1043
a 305 314 1043
a 326 306 9649
a 306 326 9649
a 308 307 2455
a 307 308 2455
a 319 307 1792
a 307 319 1792
a 311 308 9467
a 308 311 9467
a 310 309 7843
a 309 310 7843
a 311 310 4020
a 310 311 4020
a 321 312 9748
a 312 321 9748
a 360 313 4233
a 313 360 4233
a 358 314 5883
a 314 358 5883
a 355 315 4564
a 315 355 4564
a 317 316 9760
a 316 317 9760
a 322 317 5564
a 317 322 5564
a 319 318 1476
a 318 319 1476
a 351 318 7921
a 318 351 7921
a 372 320 8328
a 320 372 8328
a 323 321 4821
a 321 323 4821
a 400 321 1643
a 321 400 1643
a 327 322 4824
a 322 327 4824
a 334 322 7226
a 322 334 7226
a 331 324 3421
a 324 331 3421
a 332 324 8650
a 324 332 8650
a 326 325 853
a 325 326 853
a 329 325 4376
a 325 329 4376
a 415 325 1269
a 325 415 1269
a 344 326 5295
a 326 344 5295
a 328 327 5933
a 327 328 5933
a 399 327 4291
a 327 399 4291
a 329 328 4407
a 328 329 4407
a 381 329 6568
a 329 381 6568
a 341 330 9995
a 330 341 9995
a 338 331 1861
a 331 338 1861
a 335 332 3900
a 332 335 3900
a 347 333 7661
a 333 347 7661
a 336 334 9106
a 334 336 9106
a 337 335 9914
a 335 337 9914
a 338 335 8599
a 335 338 8599
a 339 336 1897
a 336 339 1897
a 350 337 1809
a 337 350 1809
a 340 338 748
a 338 340 748
a 351 339 2511
a 339 351 2511
a 375 339 3670
a 339 375 3670
a 341 340 3236
a 340 341 3236
a 470 340 3658
a 340 470 3658
a 344 341 3371
a 341 344 3371
a 469 341 4309
a 341 469 4309
a 343 342 4455
a 342 343 4455
a 354 342 5701
a 342 354 5701
a 346 345 4069
a 345 346 4069
a 376 345 1111
a 345 376 1111
a 391 346 4101
a 346 391 4101
a 356 347 8007
a 347 356 8007
a 349 348 7216
a 348 349 7216
a 353 350 4331
a 350 353 4331
a 352 351 1087
a 351 352 1087
a 374 351 7824
a 351 374 7824
a 354 352 7910
a 352 354 7910
a 391 353 8053
a 353 391 8053
a 432 353 6361
a 353 432 6361
a 404 354 6574
a 354 404 6574
a 364 355 9674
a 355 364 9674
a 395 356 9158
a 356 395 9158
a 363 357 238
a 357 363 238
a 359 358 3736
a 358 359 3736
a 360 358 1533
a 358 360 1533
a 522 358 1758
a 358 522 1758
a 402 359 5603
a 359 402 5603
a 361 360 3127
a 360 361 3127
a 492 360 7020
a 360 492 7020
a 362 361 6411
a 361 362 6411
a 380 361 4889
a 361 380 4889
a 364 362 8674
a 362 364 8674
a 365 363 5830
a 363 365 5830
a 367 363 5580
a 363 367 5580
a 365 364 7388
a 364 365 7388
a 367 365 3220
a 365 367 3220
a 367 366 4075
a 366 367 4075
a 368 367 1014
a 367 368 1014
a 369 368 4985
a 368 369 4985
a 379 368 6204
a 368 379 6204
a 371 370 687
a 370 371 687
a 376 370 7138
a 370 376 7138
a 372 371 1100
a 371 372 1100
a 373 372 305
a 372 373 305
a 418 372 142
a 372 418 142
a 418 373 2242
a 373 418 2242
a 375 374 7479
a 374 375 7479
a 410 374 1504
a 374 410 1504
a 413 375 3546
a 375 413 3546
a 377 376 8366
a 376 377 8366
a 378 376 4126
a 376 378 4126
a 392 377 6723
a 377 392 6723
a 393 378 384
a 378 393 384
a 385 379 9744
a 379 385 9744
a 389 380 2031
a 380 389 2031
a 399 381 688
a 381 399 688
a 464 381 297
a 381 464 297
a 383 382 7800
a 382 383 7800
a 385 383 2352
a 383 385 2352
a 386 384 7179
a 384 386 7179
a 387 384 9724
a 384 387 9724
a 387 385 3324
a 385 387 3324
a 396 385 4657
a 385 396 4657
a 389 386 809
a 386 389 809
a 391 388 8417
a 388 391 8417
a 394 388 1407
a 388 394 1407
a 420 388 7056
a 388 420 7056
a 390 389 7202
a 389 390 7202
a 494 390 4880
a 390 494 4880
a 434 391 4476
a 391 434 4476
a 393 392 971
a 392 393 971
a 397 392 5858
a 392 397 5858
a 394 393 7767
a 393 394 7767
a 409 395 1152
a 395 409 1152
a 401 396 4447
a 396 401 4447
a 407 397 4892
a 397 407 4892
a 407 398 6522
a 398 407 6522
a 406 399 8610
a 399 406 8610
a 403 400 31
a 400 403 31
a 412 401 2539
a 401 412 2539
a 405 402 5941
a 402 405 5941
a 404 403 8816
a 403 404 8816
a 405 403 2545
a 403 405 2545
a 408 405 2055
a 405 408 2055
a 426 405 7725
a 405 426 7725
a 416 406 5831
a 406 416 5831
a 464 406 4387
a 406 464 4387
a 411 407 7632
a 407 411 7632
a 465 408 6021
a 408 465 6021
a 422 409 3326
a 409 422 3326
a 442 410 2491
a 410 442 2491
a 419 411 6651
a 411 419 6651
a 433 411 941
a 411 433 941
a 417 412 6336
a 412 417 6336
a 521 412 4044
a 412 521 4044
a 414 413 8470
a 413 414 8470
a 416 414 7268
a 414 416 7268
a 595 414 6436
a 414 595 6436
a 458 415 2979
a 415 458 2979
a 419 418 7064
a 418 419 7064
a 423 419 1214
a 419 423 1214
a 424 420 5419
a 420 424 5419
a 422 421 4545
a 421 422 4545
a 425 421 8074
a 421 425 8074
a 427 422 4256
a 422 427 4256
a 425 423 9445
a 423 425 9445
a 436 424 2020
a 424 436 2020
a 456 424 9021
a 424 456 9021
a 428 425 7224
a 425 428 7224
a 463 426 992
a 426 463 992
a 428 427 2270
a 427 428 2270
a 429 428 1399
a 428 429 1399
a 430 429 8522
a 429 430 8522
a 435 430 654
a 430 435 654
a 439 431 3206
a 431 439 3206
a 495 432 7709
a 432 495 7709
a 435 433 2165
a 433 435 2165
a 462 434 7073
a 434 462 7073
a 437 435 6093
a 435 437 6093
a 438 435 7950
a 435 438 7950
a 467 436 8901
a 436 467 8901
a 440 437 9734
a 437 440 9734
a 446 438 9769
a 438 446 9769
a 441 439 1993
a 439 441 1993
a 441 440 5313
a 440 441 5313
a 443 441 7180
a 441 443 7180
a 445 442 7230
a 442 445 7230
a 535 442 380
a 442 535 380
a 444 443 9844
a 443 444 9844
a 463 445 6111
a 445 463 6111
a 447 446 3755
a 446 447 3755
a 448 447 7771
a 447 448 7771
a 449 447 6057
a 447 449 6057
a 453 448 6933
a 448 453 6933
a 459 449 1328
a 449 459 1328
a 458 450 2137
a 450 458 2137
a 505 450 9887
a 450 505 9887
a 452 451 9253
a 451 452 9253
a 455 451 7181
a 451 455 7181
a 453 452 1878
a 452 453 1878
a 454 452 6092
a 452 454 6092
a 504 454 6511
a 454 504 6511
a 457 455 9349
a 455 457 9349
a 457 456 2533
a 456 457 2533
a 460 457 8606
a 457 460 8606
a 548 458 4667
a 458 548 4667
a 461 460 3937
a 460 461 3937
a 468 461 7273
a 461 468 7273
a 478 462 3932
a 462 478 3932
a 488 462 9458
a 462 488 9458
a 466 463 7105
a 463 466 7105
a 514 464 2396
a 464 514 2396
a 524 465 7436
a 465 524 7436
a 525 466 9539
a 466 525 9539
a 471 467 6030
a 467 471 6030
a 471 468 6907
a 468 471 6907
a 470 469 318
a 469 470 318
a 537 469 2035
a 469 537 2035
a 536 470 5131
a 470 536 5131
a 472 471 3264
a 471 472 3264
a 474 471 4500
a 471 474 4500
a 475 472 6724
a 472 475 6724
a 476 473 7242
a 473 476 7242
a 477 473 9037
a 473 477 9037
a 485 474 3253
a 474 485 3253
a 477 475 2912
a 475 477 2912
a 478 476 6795
a 476 478 6795
a 479 477 7939
a 477 479 7939
a 480 478 2759
a 478 480 2759
a 481 479 7187
a 479 481 7187
a 483 480 8510
a 480 483 8510
a 482 481 1165
a 481 482 1165
a 483 482 6634
a 482 483 6634
a 484 483 8195
a 483 484 8195
a 486 483 1657
a 483 486 1657
a 489 484 1260
a 484 489 1260
a 500 485 6436
a 485 500 6436
a 487 486 4381
a 486 487 4381
a 493 487 998
a 487 493 998
a 490 488 9103
a 488 490 9103
a 490 489 6503
a 489 490 6503
a 491 490 540
a 490 491 540
a 498 491 6548
a 491 498 6548
a 497 492 9646
a 492 497 9646
a 507 493 2414
a 493 507 2414
a 497 494 9608
a 494 497 9608
a 503 495 2158
a 495 503 2158
a 530 495 580
a 495 530 580
a 559 495 6454
a 495 559 6454
a 499 496 2489
a 496 499 2489
a 503 496 1880
a 496 503 1880
a 501 497 1350
a 497 501 1350
a 502 497 890
a 497 502 890
a 506 498 6647
a 498 506 6647
a 507 499 9125
a 499 507 9125
a 504 500 484
a 500 504 484
a 508 501 7702
a 501 508 7702
a 517 502 9120
a 502 517 9120
a 510 503 1238
a 503 510 1238
a 527 504 7851
a 504 527 7851
a 557 505 9645
a 505 557 9645
a 511 506 1845
a 506 511 1845
a 512 507 9181
a 507 512 9181
a 520 508 981
a 508 520 981
a 525 509 8342
a 509 525 8342
a 511 510 9729
a 510 511 9729
a 512 511 6111
a 511 512 6111
a 516 511 2222
a 511 516 2222
a 523 513 8753
a 513 523 8753
a 527 513 2598
a 513 527 2598
a 589 514 1096
a 514 589 1096
a 522 515 5699
a 515 522 5699
a 524 515 7064
a 515 524 7064
a 558 516 1062
a 516 558 1062
a 518 517 9961
a 517 518 9961
a 521 517 4889
a 517 521 4889
a 532 517 4400
a 517 532 4400
a 520 518 427
a 518 520 427
a 520 519 4172
a 519 520 4172
a 522 519 9319
a 519 522 9319
a 529 520 9615
a 520 529 9615
a 534 521 8531
a 521 534 8531
a 540 524 3432
a 524 540 3432
a 539 525 8498
a 525 539 8498
a 527 526 6743
a 526 527 6743
a 576 528 9932
a 528 576 9932
a 533 529 8304
a 529 533 8304
a 538 530 9811
a 530 538 9811
a 535 531 5888
a 531 535 5888
a 624 532 3576
a 532 624 3576
a 542 533 7589
a 533 542 7589
a 617 534 7558
a 534 617 7558
a 567 535 4356
a 535 567 4356
a 537 536 6061
a 536 537 6061
a 538 536 2524
a 536 538 2524
a 549 537 7186
a 537 549 7186
a 565 538 2452
a 538 565 2452
a 546 539 1132
a 539 546 1132
a 552 539 1995
a 539 552 1995
a 541 540 4224
a 540 541 4224
a 543 540 5064
a 540 543 5064
a 546 541 9339
a 541 546 9339
a 596 541 332
a 541 596 332
a 545 542 6202
a 542 545 6202
a 544 543 4452
a 543 544 4452
a 545 544 305
a 544 545 305
a 547 545 4916
a 545 547 4916
a 574 546 2881
a 546 574 2881
a 553 547 2214
a 547 553 2214
a 554 548 4974
a 548 554 4974
a 550 549 4541
a 549 550 4541
a 551 549 8459
a 549 551 8459
a 594 550 6635
a 550 594 6635
a 604 550 5141
a 550 604 5141
a 556 551 1759
a 551 556 1759
a 564 552 7351
a 552 564 7351
a 577 552 1793
a 552 577 1793
a 593 553 9511
a 553 593 9511
a 555 554 5790
a 554 555 5790
a 556 554 2174
a 554 556 2174
a 579 555 9639
a 555 579 9639
a 592 556 1468
a 556 592 1468
a 578 557 9341
a 557 578 9341
a 562 558 4840
a 558 562 4840
a 560 559 6257
a 559 560 6257
a 566 559 6048
a 559 566 6048
a 561 560 5488
a 560 561 5488
a 572 560 4072
a 560 572 4072
a 562 561 9096
a 561 562 9096
a 563 562 24
a 562 563 24
a 569 563 5311
a 563 569 5311
a 567 564 4757
a 564 567 4757
a 566 565 8446
a 565 566 8446
a 639 565 7584
a 565 639 7584
a 570 567 262
a 567 570 262
a 581 567 1814
a 567 581 1814
a 570 568 5951
a 568 570 5951
a 577 568 1619
a 568 577 1619
a 571 569 473
a 569 571 473
a 580 570 810
a 570 580 810
a 572 571 4915
a 571 572 4915
a 573 571 9046
a 571 573 9046
a 575 573 6885
a 573 575 6885
a 610 574 2833
a 574 610 2833
a 626 574 2208
a 574 626 2208
a 649 575 6321
a 575 649 6321
a 653 576 1042
a 576 653 1042
a 606 577 3946
a 577 606 3946
a 582 578 7260
a 578 582 7260
a 582 579 9115
a 579 582 9115
a 608 580 5157
a 580 608 5157
a 584 581 1769
a 581 584 1769
a 583 582 2112
a 582 583 2112
a 591 582 2081
a 582 591 2081
a 586 583 7937
a 583 586 7937
a 587 583 7444
a 583 587 7444
a 585 584 7656
a 584 585 7656
a 602 585 178
a 585 602 178
a 608 585 5453
a 585 608 5453
a 589 586 1339
a 586 589 1339
a 588 587 8486
a 587 588 8486
a 609 587 9226
a 587 609 9226
a 591 588 2401
a 588 591 2401
a 598 589 4547
a 589 598 4547
a 591 590 9047
a 590 591 9047
a 592 590 5001
a 590 592 5001
a 659 591 7242
a 591 659 7242
a 614 592 701
a 592 614 701
a 600 593 4269
a 593 600 4269
a 604 594 1552
a 594 604 1552
a 611 594 6893
a 594 611 6893
a 597 595 6439
a 595 597 6439
a 598 595 7484
a 595 598 7484
a 601 596 1191
a 596 601 1191
a 599 597 5896
a 597 599 5896
a 602 599 6590
a 599 602 6590
a 679 599 7088
a 599 679 7088
a 601 600 7326
a 600 601 7326
a 605 600 6868
a 600 605 6868
a 603 601 286
a 601 603 286
a 612 603 7883
a 603 612 7883
a 636 604 334
a 604 636 334
a 613 605 8119
a 605 613 8119
a 607 606 3673
a 606 607 3673
a 610 606 3229
a 606 610 3229
a 660 606 2954
a 606 660 2954
a 608 607 5669
a 607 608 5669
a 735 608 1616
a 608 735 1616
a 658 609 9451
a 609 658 9451
a 626 610 4648
a 610 626 4648
a 614 611 4119
a 611 614 4119
a 622 612 5904
a 612 622 5904
a 615 613 2546
a 613 615 2546
a 638 614 2774
a 614 638 2774
a 620 615 9108
a 615 620 9108
a 617 616 6379
a 616 617 6379
a 623 617 230
a 617 623 230
a 620 618 6314
a 618 620 6314
a 622 618 4299
a 618 622 4299
a 620 619 7698
a 619 620 7698
a 625 619 7843
a 619 625 7843
a 621 620 907
a 620 621 907
a 628 621 4595
a 621 628 4595
a 629 622 8893
a 622 629 8893
a 624 623 4596
a 623 624 4596
a 633 623 5973
a 623 633 5973
a 625 624 4170
a 624 625 4170
a 627 626 5223
a 626 627 5223
a 673 626 369
a 626 673 369
a 629 627 8909
a 627 629 8909
a 630 628 1897
a 628 630 1897
a 631 629 360
a 629 631 360
a 637 629 3171
a 629 637 3171
a 634 630 1090
a 630 634 1090
a 635 631 3561
a 631 635 3561
a 633 632 5056
a 632 633 5056
a 648 633 2883
a 633 648 2883
a 635 634 8764
a 634 635 8764
a 643 635 1566
a 635 643 1566
a 641 636 9581
a 636 641 9581
a 642 637 4033
a 637 642 4033
a 670 638 6084
a 638 670 6084
a 640 639 6513
a 639 640 6513
a 644 639 4010
a 639 644 4010
a 657 639 6929
a 639 657 6929
a 652 640 5566
a 640 652 5566
a 644 641 1228
a 641 644 1228
a 661 641 7476
a 641 661 7476
a 645 642 2959
a 642 645 2959
a 645 643 1527
a 643 645 1527
a 646 645 9119
a 645 646 9119
a 647 645 6201
a 645 647 6201
a 672 646 6979
a 646 672 6979
a 671 647 1432
a 647 671 1432
a 685 648 6895
a 648 685 6895
a 690 648 2959
a 648 690 2959
a 650 649 2559
a 649 650 2559
a 651 650 4964
a 650 651 4964
a 653 650 1678
a 650 653 1678
a 654 650 1391
a 650 654 1391
a 652 651 1286
a 651 652 1286
a 656 652 6948
a 652 656 6948
a 655 654 1830
a 654 655 1830
a 662 655 2492
a 655 662 2492
a 663 656 4839
a 656 663 4839
a 668 657 2780
a 657 668 2780
a 683 658 7230
a 658 683 7230
a 693 659 1380
a 659 693 1380
a 665 660 6422
a 660 665 6422
a 674 660 2970
a 660 674 2970
a 667 661 3855
a 661 667 3855
a 670 661 7010
a 661 670 7010
a 664 662 6300
a 662 664 6300
a 664 663 7386
a 663 664 7386
a 666 664 1664
a 664 666 1664
a 696 666 5468
a 666 696 5468
a 668 667 7125
a 667 668 7125
a 669 667 4953
a 667 669 4953
a 760 668 3214
a 668 760 3214
a 708 669 8976
a 669 708 8976
a 682 670 1879
a 670 682 1879
a 691 671 1140
a 671 691 1140
a 687 672 5368
a 672 687 5368
a 675 673 2166
a 673 675 2166
a 755 674 6722
a 674 755 6722
a 676 675 3356
a 675 676 3356
a 677 676 3062
a 676 677 3062
a 686 677 4962
a 677 686 4962
a 680 678 2179
a 678 680 2179
a 680 679 8360
a 679 680 8360
a 706 679 7561
a 679 706 7561
a 683 680 2154
a 680 683 2154
a 707 680 6034
a 680 707 6034
a 682 681 7735
a 681 682 7735
a 693 681 7837
a 681 693 7837
a 726 682 4190
a 682 726 4190
a 704 683 9820
a 683 704 9820
a 685 684 6257
a 684 685 6257
a 690 685 6508
a 685 690 6508
a 695 685 4536
a 685 695 4536
a 689 686 2235
a 686 689 2235
a 689 687 6888
a 687 689 6888
a 690 688 1644
a 688 690 1644
a 691 688 1057
a 688 691 1057
a 692 689 48
a 689 692 48
a 694 690 9568
a 690 694 9568
a 716 691 2040
a 691 716 2040
a 698 692 7388
a 692 698 7388
a 724 693 3203
a 693 724 3203
a 746 694 536
a 694 746 536
a 764 695 733
a 695 764 733
a 702 696 5316
a 696 702 5316
a 701 697 578
a 697 701 578
a 705 698 6405
a 698 705 6405
a 700 699 1082
a 699 700 1082
a 736 699 4750
a 699 736 4750
a 702 700 9333
a 700 702 9333
a 702 701 7738
a 701 702 7738
a 703 702 7851
a 702 703 7851
a 728 703 4986
a 703 728 4986
a 709 704 594
a 704 709 594
a 712 704 4325
a 704 712 4325
a 711 705 2671
a 705 711 2671
a 707 706 3644
a 706 707 3644
a 719 706 6699
a 706 719 6699
a 712 707 6056
a 707 712 6056
a 714 708 8356
a 708 714 8356
a 717 709 5089
a 709 717 5089
a 711 710 2165
a 710 711 2165
a 718 710 4579
a 710 718 4579
a 715 711 565
a 711 715 565
a 713 712 7856
a 712 713 7856
a 720 712 8100
a 712 720 8100
a 717 713 5995
a 713 717 5995
a 723 714 5066
a 714 723 5066
a 765 715 6622
a 715 765 6622
a 718 716 7202
a 716 718 7202
a 756 716 1417
a 716 756 1417
a 721 717 8173
a 717 721 8173
a 729 719 9902
a 719 729 9902
a 734 720 6751
a 720 734 6751
a 722 721 3217
a 721 722 3217
a 727 722 8909
a 722 727 8909
a 785 723 723
a 723 785 723
a 725 724 3955
a 724 725 3955
a 742 724 1981
a 724 742 1981
a 726 725 4043
a 725 726 4043
a 795 726 8243
a 726 795 8243
a 738 727 9838
a 727 738 9838
a 731 728 4134
a 728 731 4134
a 730 729 1234
a 729 730 1234
a 734 729 9723
a 729 734 9723
a 733 730 8640
a 730 733 8640
a 736 731 6255
a 731 736 6255
a 740 731 9972
a 731 740 9972
a 733 732 7961
a 732 733 7961
a 735 732 6260
a 732 735 6260
a 754 733 590
a 733 754 590
a 737 734 4639
a 734 737 4639
a 743 734 3338
a 734 743 3338
a 757 735 2407
a 735 757 2407
a 748 736 1911
a 736 748 1911
a 738 737 7358
a 737 738 7358
a 739 738 6720
a 738 739 6720
a 741 738 1527
a 738 741 1527
a 742 739 1894
a 739 742 1894
a 801 740 6523
a 740 801 6523
a 744 741 494
a 741 744 494
a 786 742 7814
a 742 786 7814
a 747 743 5161
a 743 747 5161
a 745 744 1235
a 744 745 1235
a 749 745 8676
a 745 749 8676
a 750 746 9150
a 746 750 9150
a 749 747 6104
a 747 749 6104
a 753 748 770
a 748 753 770
a 791 748 9122
a 748 791 9122
a 751 749 7070
a 749 751 7070
a 752 750 7282
a 750 752 7282
a 787 751 3261
a 751 787 3261
a 788 752 9707
a 752 788 9707
a 760 753 3907
a 753 760 3907
a 796 754 4021
a 754 796 4021
a 758 755 8383
a 755 758 8383
a 781 756 2616
a 756 781 2616
a 782 756 1778
a 756 782 1778
a 761 757 5881
a 757 761 5881
a 797 757 1099
a 757 797 1099
a 759 758 5749
a 758 759 5749
a 767 758 3825
a 758 767 3825
a 762 759 6666
a 759 762 6666
a 769 760 6608
a 760 769 6608
a 762 761 3724
a 761 762 3724
a 776 762 277
a 762 776 277
a 764 763 4593
a 763 764 4593
a 790 764 7771
a 764 790 7771
a 771 765 8732
a 765 771 8732
a 768 766 4134
a 766 768 4134
a 780 766 7054
a 766 780 7054
a 768 767 4741
a 767 768 4741
a 770 767 53
a 767 770 53
a 783 769 9135
a 769 783 9135
a 822 769 5363
a 769 822 5363
a 772 770 2685
a 770 772 2685
a 773 771 4019
a 771 773 4019
a 773 772 4882
a 772 773 4882
a 774 773 63
a 773 774 63
a 775 773 5841
a 773 775 5841
a 779 774 6821
a 774 779 6821
a 812 775 152
a 775 812 152
a 778 776 6566
a 776 778 6566
a 778 777 8406
a 777 778 8406
a 784 777 9657
a 777 784 9657
a 779 778 8790
a 778 779 8790
a 781 780 5066
a 780 781 5066
a 782 781 9847
a 781 782 9847
a 789 781 8278
a 781 789 8278
a 788 782 9115
a 782 788 9115
a 808 782 3481
a 782 808 3481
a 785 783 2665
a 783 785 2665
a 821 783 4645
a 783 821 4645
a 799 784 4054
a 784 799 4054
a 794 785 2834
a 785 794 2834
a 816 786 9773
a 786 816 9773
a 813 787 5596
a 787 813 5596
a 792 788 5828
a 788 792 5828
a 809 788 5652
a 788 809 5652
a 807 789 5775
a 789 807 5775
a 793 790 5848
a 790 793 5848
a 862 790 2855
a 790 862 2855
a 810 791 7782
a 791 810 7782
a 793 792 9228
a 792 793 9228
a 881 793 9863
a 793 881 9863
a 806 794 6530
a 794 806 6530
a 806 795 4765
a 795 806 4765
a 815 795 5392
a 795 815 5392
a 798 796 9472
a 796 798 9472
a 814 797 640
a 797 814 640
a 814 798 8445
a 798 814 8445
a 827 799 6237
a 799 827 6237
a 803 800 1183
a 800 803 1183
a 804 801 4677
a 801 804 4677
a 804 802 6782
a 802 804 6782
a 811 802 4392
a 802 811 4392
a 804 803 4929
a 803 804 4929
a 805 804 236
a 804 805 236
a 824 805 3738
a 805 824 3738
a 815 806 909
a 806 815 909
a 825 806 4072
a 806 825 4072
a 839 807 3424
a 807 839 3424
a 855 808 5681
a 808 855 5681
a 861 809 8594
a 809 861 8594
a 811 810 9755
a 810 811 9755
a 823 810 5175
a 810 823 5175
a 839 812 4666
a 812 839 4666
a 819 813 425
a 813 819 425
a 844 813 4286
a 813 844 4286
a 826 814 4855
a 814 826 4855
a 825 815 7030
a 815 825 7030
a 829 815 7503
a 815 829 7503
a 817 816 6073
a 816 817 6073
a 840 816 3420
a 816 840 3420
a 818 817 5506
a 817 818 5506
a 887 817 1058
a 817 887 1058
a 888 818 8231
a 818 888 8231
a 820 819 5218
a 819 820 5218
a 842 820 9705
a 820 842 9705
a 845 820 7232
a 820 845 7232
a 874 821 6990
a 821 874 6990
a 834 822 5821
a 822 834 5821
a 834 823 83
a 823 834 83
a 941 824 5738
a 824 941 5738
a 865 825 1141
a 825 865 1141
a 828 826 200
a 826 828 200
a 828 827 3343
a 827 828 3343
a 830 828 2151
a 828 830 2151
a 831 828 7
a 828 831 7
a 840 829 1530
a 829 840 1530
a 835 830 7944
a 830 835 7944
a 832 831 5861
a 831 832 5861
a 833 832 9747
a 832 833 9747
a 962 832 5604
a 832 962 5604
a 843 833 3078
a 833 843 3078
a 876 834 5978
a 834 876 5978
a 836 835 9069
a 835 836 9069
a 837 836 6471
a 836 837 6471
a 838 836 5060
a 836 838 5060
a 871 837 8505
a 837 871 8505
a 971 838 6101
a 838 971 6101
a 841 839 835
a 839 841 835
a 843 839 1466
a 839 843 1466
a 869 840 9984
a 840 869 9984
a 880 840 8994
a 840 880 8994
a 843 841 3243
a 841 843 3243
a 851 841 3591
a 841 851 3591
a 849 842 1373
a 842 849 1373
a 948 843 8138
a 843 948 8138
a 846 844 2916
a 844 846 2916
a 854 845 732
a 845 854 732
a 909 845 881
a 845 909 881
a 847 846 7969
a 846 847 7969
a 848 846 7995
a 846 848 7995
a 907 847 535
a 847 907 535
a 860 848 2589
a 848 860 2589
a 853 849 5707
a 849 853 5707
a 864 849 1190
a 849 864 1190
a 851 850 1755
a 850 851 1755
a 852 850 9977
a 850 852 9977
a 975 851 1343
a 851 975 1343
a 855 852 6739
a 852 855 6739
a 854 853 8953
a 853 854 8953
a 868 854 4163
a 854 868 4163
a 911 854 7883
a 854 911 7883
a 856 855 12
a 855 856 12
a 867 855 989
a 855 867 989
a 903 856 4133
a 856 903 4133
a 858 857 2782
a 857 858 2782
a 859 858 1660
a 858 859 1660
a 862 859 5575
a 859 862 5575
a 863 860 3215
a 860 863 3215
a 873 860 7638
a 860 873 7638
a 867 861 6700
a 861 867 6700
a 877 862 7635
a 862 877 7635
a 864 863 8787
a 863 864 8787
a 866 864 7111
a 864 866 7111
a 891 865 6710
a 865 891 6710
a 895 865 3272
a 865 895 3272
a 878 866 9840
a 866 878 9840
a 914 866 7060
a 866 914 7060
a 879 867 8843
a 867 879 8843
a 914 868 9962
a 868 914 9962
a 870 869 4198
a 869 870 4198
a 880 869 1805
a 869 880 1805
a 921 869 9648
a 869 921 9648
a 892 870 8893
a 870 892 8893
a 883 871 2569
a 871 883 2569
a 874 872 5957
a 872 874 5957
a 895 872 5682
a 872 895 5682
a 875 873 2599
a 873 875 2599
a 897 874 7392
a 874 897 7392
a 968 874 6622
a 874 968 6622
a 878 875 9738
a 875 878 9738
a 882 876 6863
a 876 882 6863
a 886 876 1388
a 876 886 1388
a 901 877 2259
a 877 901 2259
a 884 879 4364
a 879 884 4364
a 893 879 8120
a 879 893 8120
a 887 880 9062
a 880 887 9062
a 901 881 1074
a 881 901 1074
a 889 882 4569
a 882 889 4569
a 885 883 2356
a 883 885 2356
a 904 883 769
a 883 904 769
a 900 884 421
a 884 900 421
a 903 884 6645
a 884 903 6645
a 909 885 7655
a 885 909 7655
a 899 886 6287
a 886 899 6287
a 890 887 9372
a 887 890 9372
a 894 888 5283
a 888 894 5283
a 898 889 5258
a 889 898 5258
a 910 890 9888
a 890 910 9888
a 892 891 2232
a 891 892 2232
a 895 891 8092
a 891 895 8092
a 905 891 919
a 891 905 919
a 905 892 6676
a 892 905 6676
a 902 893 2054
a 893 902 2054
a 906 895 14
a 895 906 14
a 898 896 3768
a 896 898 3768
a 939 896 9570
a 896 939 9570
a 899 897 2310
a 897 899 2310
a 899 898 4753
a 898 899 4753
a 931 898 3431
a 898 931 3431
a 933 899 6897
a 899 933 6897
a 912 900 3367
a 900 912 3367
a 902 901 21
a 901 902 21
a 1049 901 897
a 901 1049 897
a 908 903 419
a 903 908 419
a 915 903 8928
a 903 915 8928
a 918 904 3207
a 904 918 3207
a 906 905 6620
a 905 906 6620
a 922 905 178
a 905 922 178
a 924 906 3230
a 906 924 3230
a 913 907 1522
a 907 913 1522
a 912 908 8513
a 908 912 8513
a 911 909 7715
a 909 911 7715
a 920 909 9045
a 909 920 9045
a 913 910 4258
a 910 913 4258
a 927 911 6072
a 911 927 6072
a 973 912 3287
a 912 973 3287
a 916 913 2133
a 913 916 2133
a 917 913 5412
a 913 917 5412
a 930 914 1264
a 914 930 1264
a 959 915 9439
a 915 959 9439
a 919 916 1979
a 916 919 1979
a 923 917 3306
a 917 923 3306
a 925 918 5255
a 918 925 5255
a 930 919 7552
a 919 930 7552
a 925 920 8368
a 920 925 8368
a 979 921 1707
a 921 979 1707
a 929 922 2972
a 922 929 2972
a 934 923 4428
a 923 934 4428
a 929 924 1762
a 924 929 1762
a 926 925 9350
a 925 926 9350
a 928 925 6606
a 925 928 6606
a 961 926 8240
a 926 961 8240
a 930 927 605
a 927 930 605
a 937 928 9942
a 928 937 9942
a 988 929 7824
a 929 988 7824
a 932 930 9069
a 930 932 9069
a 933 931 6150
a 931 933 6150
a 935 932 7729
a 932 935 7729
a 936 932 7213
a 932 936 7213
a 954 932 1485
a 932 954 1485
a 965 933 9668
a 933 965 9668
a 963 934 6971
a 934 963 6971
a 949 935 8386
a 935 949 8386
a 938 936 855
a 936 938 855
a 940 937 1947
a 937 940 1947
a 940 938 3385
a 938 940 3385
a 946 939 8396
a 939 946 8396
a 942 940 4094
a 940 942 4094
a 944 940 5158
a 940 944 5158
a 945 941 7743
a 941 945 7743
a 961 942 3918
a 942 961 3918
a 945 943 995
a 943 945 995
a 981 943 2480
a 943 981 2480
a 952 944 9018
a 944 952 9018
a 946 945 3582
a 945 946 3582
a 947 945 2683
a 945 947 2683
a 999 947 8736
a 947 999 8736
a 960 948 1625
a 948 960 1625
a 951 949 6957
a 949 951 6957
a 951 950 4092
a 950 951 4092
a 953 950 287
a 950 953 287
a 952 951 7814
a 951 952 7814
a 955 951 1330
a 951 955 1330
a 957 953 5153
a 953 957 5153
a 956 954 2710
a 954 956 2710
a 1023 955 8627
a 955 1023 8627
a 957 956 499
a 956 957 499
a 958 957 8076
a 957 958 8076
a 969 958 9737
a 958 969 9737
a 972 959 1024
a 959 972 1024
a 962 960 2191
a 960 962 2191
a 974 960 1499
a 960 974 1499
a 993 961 4378
a 961 993 4378
a 1014 961 8536
a 961 1014 8536
a 970 962 2842
a 962 970 2842
a 964 963 8291
a 963 964 8291
a 979 963 3787
a 963 979 3787
a 967 964 7067
a 964 967 7067
a 966 965 9349
a 965 966 9349
a 984 966 8489
a 966 984 8489
a 976 967 2340
a 967 976 2340
a 983 968 7655
a 968 983 7655
a 976 969 377
a 969 976 377
a 985 970 5584
a 970 985 5584
a 985 971 3437
a 971 985 3437
a 1024 972 7759
a 972 1024 7759
a 1079 973 9664
a 973 1079 9664
a 1007 974 3916
a 974 1007 3916
a 1024 975 7496
a 975 1024 7496
a 977 976 5710
a 976 977 5710
a 978 976 1361
a 976 978 1361
a 1083 977 7285
a 977 1083 7285
a 1038 978 7071
a 978 1038 7071
a 995 979 7236
a 979 995 7236
a 981 980 9862
a 980 981 9862
a 992 981 7191
a 981 992 7191
a 984 982 8869
a 982 984 8869
a 991 982 959
a 982 991 959
a 987 983 187
a 983 987 187
a 1008 983 5526
a 983 1008 5526
a 1009 983 9020
a 983 1009 9020
a 990 984 5093
a 984 990 5093
a 1022 984 6197
a 984 1022 6197
a 986 985 1151
a 985 986 1151
a 993 986 4850
a 986 993 4850
a 991 987 1646
a 987 991 1646
a 1020 987 2829
a 987 1020 2829
a 1034 988 6106
a 988 1034 6106
a 990 989 3160
a 989 990 3160
a 994 989 7470
a 989 994 7470
a 1016 991 8904
a 991 1016 8904
a 1017 992 3612
a 992 1017 3612
a 1054 992 7330
a 992 1054 7330
a 997 993 8032
a 993 997 8032
a 1011 993 6884
a 993 1011 6884
a 998 994 3224
a 994 998 3224
a 1006 994 1748
a 994 1006 1748
a 1005 995 8958
a 995 1005 8958
a 1029 995 8721
a 995 1029 8721
a 1007 996 2741
a 996 1007 2741
a 1025 996 6366
a 996 1025 6366
a 1061 997 6092
a 997 1061 6092
a 1000 998 6137
a 998 1000 6137
a 1001 999 5787
a 999 1001 5787
a 1001 1000 278
a 1000 1001 278
a 1002 1001 2805
a 1001 1002 2805
a 1003 1001 653
a 1001 1003 653
a 1053 1002 6055
a 1002 1053 6055
a 1052 1003 2159
a 1003 1052 2159
a 1005 1004 526
a 1004 1005 526
a 1031 1004 2526
a 1004 1031 2526
a 1029 1005 8814
a 1005 1029 8814
a 1010 1006 6467
a 1006 1010 6467
a 1061 1007 6966
a 1007 1061 6966
a 1144 1007 9333
a 1007 1144 9333
a 1009 1008 7727
a 1008 1009 7727
a 1037 1008 6066
a 1008 1037 6066
a 1020 1009 2767
a 1009 1020 2767
a 1044 1009 6655
a 1009 1044 6655
a 1035 1010 4288
a 1010 1035 4288
a 1015 1011 7463
a 1011 1015 7463
a 1013 1012 5638
a 1012 1013 5638
a 1027 1012 4265
a 1012 1027 4265
a 1015 1013 4506
a 1013 1015 4506
a 1027 1014 1315
a 1014 1027 1315
a 1204 1015 1613
a 1015 1204 1613
a 1019 1016 4340
a 1016 1019 4340
a 1021 1016 6321
a 1016 1021 6321
a 1018 1017 4217
a 1017 1018 4217
a 1055 1017 427
a 1017 1055 427
a 1022 1019 3556
a 1019 1022 3556
a 1021 1020 6443
a 1020 1021 6443
a 1043 1020 5829
a 1020 1043 5829
a 1047 1021 4105
a 1021 1047 4105
a 1149 1022 3675
a 1022 1149 3675
a 1026 1023 6931
a 1023 1026 6931
a 1048 1023 6410
a 1023 1048 6410
a 1076 1023 5325
a 1023 1076 5325
a 1025 1024 4701
a 1024 1025 4701
a 1028 1024 533
a 1024 1028 533
a 1188 1025 3302
a 1025 1188 3302
a 1027 1026 1299
a 1026 1027 1299
a 1079 1028 2687
a 1028 1079 2687
a 1213 1028 8569
a 1028 1213 8569
a 1030 1029 2516
a 1029 1030 2516
a 1032 1030 7495
a 1030 1032 7495
a 1033 1031 881
a 1031 1033 881
a 1036 1032 1373
a 1032 1036 1373
a 1057 1032 1981
a 1032 1057 1981
a 1062 1033 3056
a 1033 1062 3056
a 1039 1034 7286
a 1034 1039 7286
a 1062 1034 8426
a 1034 1062 8426
a 1073 1035 3084
a 1035 1073 3084
a 1045 1036 6822
a 1036 1045 6822
a 1042 1037 6108
a 1037 1042 6108
a 1045 1038 9049
a 1038 1045 9049
a 1040 1039 7469
a 1039 1040 7469
a 1042 1040 3684
a 1040 1042 3684
a 1046 1041 8588
a 1041 1046 8588
a 1059 1041 7806
a 1041 1059 7806
a 1089 1043 2737
a 1043 1089 2737
a 1140 1044 8040
a 1044 1140 8040
a 1051 1045 335
a 1045 1051 335
a 1056 1045 6658
a 1045 1056 6658
a 1049 1046 8593
a 1046 1049 8593
a 1063 1046 5432
a 1046 1063 5432
a 1089 1047 8090
a 1047 1089 8090
a 1087 1048 6175
a 1048 1087 6175
a 1050 1049 1309
a 1049 1050 1309
a 1063 1049 4271
a 1049 1063 4271
a 1079 1050 3416
a 1050 1079 3416
a 1066 1051 4981
a 1051 1066 4981
a 1060 1052 256
a 1052 1060 256
a 1065 1053 5972
a 1053 1065 5972
a 1064 1054 1587
a 1054 1064 1587
a 1097 1055 1066
a 1055 1097 1066
a 1141 1056 3921
a 1056 1141 3921
a 1058 1057 75
a 1057 1058 75
a 1071 1057 7119
a 1057 1071 7119
a 1068 1058 6701
a 1058 1068 6701
a 1069 1060 2824
a 1060 1069 2824
a 1144 1061 597
a 1061 1144 597
a 1072 1062 6195
a 1062 1072 6195
a 1102 1062 1451
a 1062 1102 1451
a 1095 1063 2618
a 1063 1095 2618
a 1070 1064 1187
a 1064 1070 1187
a 1070 1065 773
a 1065 1070 773
a 1068 1066 843
a 1066 1068 843
a 1069 1067 9300
a 1067 1069 9300
a 1070 1067 4344
a 1067 1070 4344
a 1078 1068 6992
a 1068 1078 6992
a 1077 1069 6804
a 1069 1077 6804
a 1094 1070 5792
a 1070 1094 5792
a 1081 1071 2732
a 1071 1081 2732
a 1110 1071 8532
a 1071 1110 8532
a 1081 1072 5950
a 1072 1081 5950
a 1074 1073 4359
