c Created graph - road-euroroad
a 1 2 5268
a 2 1 5268
a 2 3 5367
a 3 2 5367
a 2 17 2248
a 17 2 2248
a 3 4 512
a 4 3 512
a 4 5 1539
a 5 4 1539
a 4 855 8667
a 855 4 8667
a 6 7 7705
a 7 6 7705
a 6 880 7575
a 880 6 7575
a 7 8 3603
a 8 7 3603
a 7 22 4407
a 22 7 4407
a 7 23 4684
a 23 7 4684
a 7 411 4890
a 411 7 4890
a 7 453 4834
a 453 7 4834
a 7 454 1502
a 454 7 1502
a 7 889 7426
a 889 7 7426
a 8 9 3445
a 9 8 3445
a 8 479 5536
a 479 8 5536
a 8 480 8601
a 480 8 8601
a 8 561 4031
a 561 8 4031
a 9 10 757
a 10 9 757
a 9 537 7595
a 537 9 7595
a 9 561 7952
a 561 9 7952
a 9 1074 3729
a 1074 9 3729
a 10 11 44
a 11 10 44
a 10 536 5324
a 536 10 5324
a 10 561 8196
a 561 10 8196
a 11 12 2877
a 12 11 2877
a 11 560 8642
a 560 11 8642
a 12 13 794
a 13 12 794
a 12 27 6476
a 27 12 6476
a 12 30 9572
a 30 12 9572
a 12 559 2792
a 559 12 2792
a 13 14 973
a 14 13 973
a 13 596 26
a 596 13 26
a 13 1138 2149
a 1138 13 2149
a 14 34 5562
a 34 14 5562
a 15 16 3805
a 16 15 3805
a 16 17 3208
a 17 16 3208
a 17 18 9453
a 18 17 9453
a 18 19 1072
a 19 18 1072
a 18 823 8249
a 823 18 8249
a 19 20 852
a 20 19 852
a 19 388 8761
a 388 19 8761
a 19 389 1425
a 389 19 1425
a 19 627 4771
a 627 19 4771
a 20 21 4406
a 21 20 4406
a 22 409 7468
a 409 22 7468
a 22 885 8725
a 885 22 8725
a 23 24 3448
a 24 23 3448
a 23 537 3466
a 537 23 3466
a 23 538 524
a 538 23 524
a 23 1078 3892
a 1078 23 3892
a 23 1109 7933
a 1109 23 7933
a 24 25 3599
a 25 24 3599
a 24 1110 4102
a 1110 24 4102
a 25 26 3376
a 26 25 3376
a 26 27 6598
a 27 26 6598
a 27 28 4411
a 28 27 4411
a 27 561 9026
a 561 27 9026
a 28 29 2189
a 29 28 2189
a 29 30 7744
a 30 29 7744
a 30 31 3272
a 31 30 3272
a 31 32 9921
a 32 31 9921
a 32 33 5209
a 33 32 5209
a 33 34 6270
a 34 33 6270
a 34 1159 3982
a 1159 34 3982
a 35 36 6258
a 36 35 6258
a 35 392 5659
a 392 35 5659
a 36 37 8273
a 37 36 8273
a 36 631 4270
a 631 36 4270
a 37 38 8869
a 38 37 8869
a 37 628 5004
a 628 37 5004
a 37 863 9935
a 863 37 9935
a 37 1011 1833
a 1011 37 1833
a 38 39 7655
a 39 38 7655
a 39 40 9852
a 40 39 9852
a 39 412 3990
a 412 39 3990
a 39 413 4891
a 413 39 4891
a 39 628 1532
a 628 39 1532
a 39 875 5107
a 875 39 5107
a 39 876 9307
a 876 39 9307
a 39 881 8119
a 881 39 8119
a 40 41 8394
a 41 40 8394
a 41 42 1510
a 42 41 1510
a 42 43 7579
a 43 42 7579
a 42 876 2112
a 876 42 2112
a 42 881 8513
a 881 42 8513
a 42 882 6881
a 882 42 6881
a 43 44 8514
a 44 43 8514
a 43 50 8786
a 50 43 8786
a 43 51 1177
a 51 43 1177
a 43 411 7895
a 411 43 7895
a 43 454 9418
a 454 43 9418
a 43 455 3755
a 455 43 3755
a 44 45 2997
a 45 44 2997
a 45 46 6579
a 46 45 6579
a 45 888 6539
a 888 45 6539
a 46 47 8809
a 47 46 8809
a 46 485 9667
a 485 46 9667
a 46 889 5401
a 889 46 5401
a 46 1036 8497
a 1036 46 8497
a 47 48 8560
a 48 47 8560
a 47 73 3653
a 73 47 3653
a 47 486 719
a 486 47 719
a 47 890 3004
a 890 47 3004
a 48 49 5464
a 49 48 5464
a 48 74 3961
a 74 48 3961
a 49 50 785
a 50 49 785
a 49 485 8720
a 485 49 8720
a 49 629 9921
a 629 49 9921
a 50 51 7620
a 51 50 7620
a 50 629 6694
a 629 50 6694
a 51 52 8620
a 52 51 8620
a 51 538 389
a 538 51 389
a 51 901 3710
a 901 51 3710
a 52 53 7533
a 53 52 7533
a 53 54 8392
a 54 53 8392
a 53 629 7464
a 629 53 7464
a 54 55 4583
a 55 54 4583
a 54 540 5987
a 540 54 5987
a 55 56 1095
a 56 55 1095
a 56 57 9342
a 57 56 9342
a 56 540 4712
a 540 56 4712
a 56 541 3076
a 541 56 3076
a 56 912 684
a 912 56 684
a 57 86 2921
a 86 57 2921
a 57 541 8836
a 541 57 8836
a 57 562 26
a 562 57 26
a 58 59 1913
a 59 58 1913
a 59 60 4317
a 60 59 4317
a 61 62 4428
a 62 61 4428
a 62 63 5719
a 63 62 5719
a 62 1144 3411
a 1144 62 3411
a 64 65 6035
a 65 64 6035
a 64 394 1233
a 394 64 1233
a 64 411 1004
a 411 64 1004
a 64 842 3585
a 842 64 3585
a 65 66 4934
a 66 65 4934
a 65 393 6485
a 393 65 6485
a 65 394 1492
a 394 65 1492
a 65 1012 1795
a 1012 65 1795
a 66 67 6797
a 67 66 6797
a 67 68 7579
a 68 67 7579
a 68 69 6560
a 69 68 6560
a 68 669 4768
a 669 68 4768
a 68 863 3013
a 863 68 3013
a 69 70 9789
a 70 69 9789
a 69 414 5295
a 414 69 5295
a 69 415 9383
a 415 69 9383
a 69 630 603
a 630 69 603
a 69 633 27
a 633 69 27
a 70 71 6921
a 71 70 6921
a 70 417 2103
a 417 70 2103
a 70 456 1635
a 456 70 1635
a 70 670 2513
a 670 70 2513
a 70 879 2552
a 879 70 2552
a 71 72 2938
a 72 71 2938
a 72 73 4919
a 73 72 4919
a 72 671 5890
a 671 72 5890
a 72 888 932
a 888 72 932
a 73 1037 6204
a 1037 73 6204
a 74 75 6656
a 75 74 6656
a 75 76 4000
a 76 75 4000
a 75 486 9610
a 486 75 9610
a 76 77 3465
a 77 76 3465
a 77 78 1482
a 78 77 1482
a 77 677 4078
a 677 77 4078
a 78 79 7816
a 79 78 7816
a 79 80 2213
a 80 79 2213
a 80 81 1623
a 81 80 1623
a 81 82 8205
a 82 81 8205
a 81 540 583
a 540 81 583
a 81 541 9397
a 541 81 9397
a 81 542 6531
a 542 81 6531
a 81 904 1442
a 904 81 1442
a 82 83 9445
a 83 82 9445
a 83 84 282
a 84 83 282
a 83 632 3406
a 632 83 3406
a 84 85 8744
a 85 84 8744
a 84 115 3710
a 115 84 3710
a 84 116 2062
a 116 84 2062
a 85 86 3339
a 86 85 3339
a 85 914 8498
a 914 85 8498
a 86 154 7511
a 154 86 7511
a 86 1143 7783
a 1143 86 7783
a 87 88 8533
a 88 87 8533
a 88 89 1545
a 89 88 1545
a 89 90 2487
a 90 89 2487
a 90 91 8776
a 91 90 8776
a 90 604 7369
a 604 90 7369
a 90 798 2691
a 798 90 2691
a 91 92 3155
a 92 91 3155
a 92 93 583
a 93 92 583
a 93 374 5940
a 374 93 5940
a 93 375 1829
a 375 93 1829
a 93 600 4276
a 600 93 4276
a 94 95 6169
a 95 94 6169
a 95 96 5289
a 96 95 5289
a 95 668 7055
a 668 95 7055
a 96 97 9910
a 97 96 9910
a 97 98 5433
a 98 97 5433
a 98 99 447
a 99 98 447
a 99 100 565
a 100 99 565
a 100 101 7472
a 101 100 7472
a 100 137 2760
a 137 100 2760
a 100 633 7205
a 633 100 7205
a 100 681 6591
a 681 100 6591
a 101 102 5147
a 102 101 5147
a 101 397 8127
a 397 101 8127
a 101 398 9267
a 398 101 9267
a 102 103 9158
a 103 102 9158
a 103 104 8336
a 104 103 8336
a 103 669 3504
a 669 103 3504
a 104 105 5167
a 105 104 5167
a 105 106 3918
a 106 105 3918
a 105 670 8931
a 670 105 8931
a 105 671 5402
a 671 105 5402
a 105 673 4072
a 673 105 4072
a 106 107 995
a 107 106 995
a 106 457 5574
a 457 106 5574
a 106 458 5258
a 458 106 5258
a 106 693 7522
a 693 106 7522
a 106 891 9820
a 891 106 9820
a 107 108 4171
a 108 107 4171
a 107 144 7918
a 144 107 7918
a 107 673 7262
a 673 107 7262
a 107 674 4365
a 674 107 4365
a 107 695 4730
a 695 107 4730
a 107 1040 9318
a 1040 107 9318
a 107 1044 6165
a 1044 107 6165
a 108 109 6776
a 109 108 6776
a 108 496 4907
a 496 108 4907
a 109 110 8260
a 110 109 8260
a 109 1079 6802
a 1079 109 6802
a 110 111 7283
a 111 110 7283
a 110 493 3137
a 493 110 3137
a 110 494 2098
a 494 110 2098
a 110 495 2105
a 495 110 2105
a 110 1042 5157
a 1042 110 5157
a 111 112 788
a 112 111 788
a 112 113 3858
a 113 112 3858
a 112 905 1192
a 905 112 1192
a 113 114 1545
a 114 113 1545
a 114 115 73
a 115 114 73
a 115 149 736
a 149 115 736
a 115 542 7272
a 542 115 7272
a 116 117 8533
a 117 116 8533
a 117 118 767
a 118 117 767
a 117 150 244
a 150 117 244
a 117 151 1455
a 151 117 1455
a 118 119 5573
a 119 118 5573
a 119 120 9128
a 120 119 9128
a 120 121 7588
a 121 120 7588
a 120 1145 4918
a 1145 120 4918
a 121 122 1168
a 122 121 1168
a 121 1145 946
a 1145 121 946
a 122 123 3623
a 123 122 3623
a 122 1150 290
a 1150 122 290
a 123 124 3757
a 124 123 3757
a 123 1149 289
a 1149 123 289
a 125 126 2932
a 126 125 2932
a 125 573 8449
a 573 125 8449
a 126 127 1230
a 127 126 1230
a 126 1161 2075
a 1161 126 2075
a 127 128 344
a 128 127 344
a 128 572 3971
a 572 128 3971
a 129 130 7177
a 130 129 7177
a 130 131 7552
a 131 130 7552
a 130 164 7382
a 164 130 7382
a 130 372 3235
a 372 130 3235
a 131 132 1768
a 132 131 1768
a 132 133 9460
a 133 132 9460
a 133 134 6840
a 134 133 6840
a 133 678 320
a 678 133 320
a 134 135 7367
a 135 134 7367
a 136 137 3211
a 137 136 3211
a 136 681 6500
a 681 136 6500
a 136 843 9484
a 843 136 9484
a 137 138 9450
a 138 137 9450
a 137 169 6095
a 169 137 6095
a 137 171 6298
a 171 137 6298
a 137 399 1744
a 399 137 1744
a 137 690 2257
a 690 137 2257
a 137 994 1825
a 994 137 1825
a 138 139 570
a 139 138 570
a 138 864 474
a 864 138 474
a 139 140 6196
a 140 139 6196
a 139 422 7546
a 422 139 7546
a 139 423 3635
a 423 139 3635
a 140 141 8596
a 141 140 8596
a 141 142 2968
a 142 141 2968
a 141 178 4156
a 178 141 4156
a 141 179 646
a 179 141 646
a 141 459 6786
a 459 141 6786
a 141 687 5860
a 687 141 5860
a 141 715 8602
a 715 141 8602
a 142 143 7449
a 143 142 7449
a 143 144 120
a 144 143 120
a 143 497 2061
a 497 143 2061
a 143 498 992
a 498 143 992
a 143 893 2151
a 893 143 2151
a 144 145 5014
a 145 144 5014
a 144 496 5084
a 496 144 5084
a 144 497 5857
a 497 144 5857
a 144 1080 8693
a 1080 144 8693
a 145 146 1089
a 146 145 1089
a 145 701 8546
a 701 145 8546
a 145 906 8299
a 906 145 8299
a 145 907 8079
a 907 145 8079
a 146 147 894
a 147 146 894
a 147 148 2546
a 148 147 2546
a 148 149 9881
a 149 148 9881
a 148 543 448
a 543 148 448
a 149 150 1966
a 150 149 1966
a 151 152 4908
a 152 151 4908
a 152 153 9701
a 153 152 9701
a 152 917 2241
a 917 152 2241
a 153 154 6529
a 154 153 6529
a 154 155 1610
a 155 154 1610
a 155 156 6199
a 156 155 6199
a 155 1146 8792
a 1146 155 8792
a 156 157 3112
a 157 156 3112
a 156 576 2579
a 576 156 2579
a 157 576 9679
a 576 157 9679
a 158 159 9682
a 159 158 9682
a 158 577 5387
a 577 158 5387
a 159 160 5342
a 160 159 5342
a 160 161 9419
a 161 160 9419
a 160 210 3948
a 210 160 3948
a 161 162 4115
a 162 161 4115
a 162 163 817
a 163 162 817
a 163 212 2133
a 212 163 2133
a 164 165 7019
a 165 164 7019
a 164 373 7142
a 373 164 7142
a 164 599 7654
a 599 164 7654
a 164 844 2733
a 844 164 2733
a 166 167 1740
a 167 166 1740
a 167 168 2669
a 168 167 2669
a 168 169 3230
a 169 168 3230
a 168 856 9070
a 856 168 9070
a 169 170 3045
a 170 169 3045
a 170 171 579
a 171 170 579
a 171 172 3920
a 172 171 3920
a 171 400 4671
a 400 171 4671
a 172 173 4009
a 173 172 4009
a 173 174 2156
a 174 173 2156
a 173 423 2330
a 423 173 2330
a 173 424 9848
a 424 173 9848
a 173 864 2443
a 864 173 2443
a 174 175 6159
a 175 174 6159
a 175 176 4984
a 176 175 4984
a 176 177 5503
a 177 176 5503
a 177 178 1866
a 178 177 1866
a 177 715 7074
a 715 177 7074
a 177 1030 1779
a 1030 177 1779
a 179 180 7806
a 180 179 7806
a 179 499 395
a 499 179 395
a 180 181 4785
a 181 180 4785
a 180 460 7472
a 460 180 7472
a 180 499 8627
a 499 180 8627
a 180 1031 3317
a 1031 180 3317
a 180 1032 6346
a 1032 180 6346
a 181 182 5017
a 182 181 5017
a 181 234 6388
a 234 181 6388
a 181 235 8901
a 235 181 8901
a 181 499 4808
a 499 181 4808
a 181 735 2393
a 735 181 2393
a 181 1049 9084
a 1049 181 9084
a 182 183 3745
a 183 182 3745
a 183 184 1049
a 184 183 1049
a 184 185 6657
a 185 184 6657
a 185 186 9591
a 186 185 9591
a 186 187 8889
a 187 186 8889
a 186 188 1998
a 188 186 1998
a 186 718 8840
a 718 186 8840
a 187 188 8805
a 188 187 8805
a 187 1083 6010
a 1083 187 6010
a 188 189 63
a 189 188 63
a 188 545 2303
a 545 188 2303
a 188 546 671
a 546 188 671
a 188 699 1949
a 699 188 1949
a 189 190 7913
a 190 189 7913
a 189 719 4962
a 719 189 4962
a 190 191 5716
a 191 190 5716
a 190 543 7340
a 543 190 7340
a 190 1113 8742
a 1113 190 8742
a 191 192 906
a 192 191 906
a 191 719 9453
a 719 191 9453
a 192 193 7109
a 193 192 7109
a 192 194 6694
a 194 192 6694
a 193 194 2495
a 194 193 2495
a 193 1153 4469
a 1153 193 4469
a 194 195 1415
a 195 194 1415
a 194 196 6479
a 196 194 6479
a 194 1116 5195
a 1116 194 5195
a 195 196 3599
a 196 195 3599
a 195 1124 9816
a 1124 195 9816
a 196 197 767
a 197 196 767
a 196 241 2922
a 241 196 2922
a 196 1153 4435
a 1153 196 4435
a 197 198 889
a 198 197 889
a 197 242 9673
a 242 197 9673
a 197 243 9069
a 243 197 9069
a 198 199 6297
a 199 198 6297
a 199 200 2401
a 200 199 2401
a 200 201 9380
a 201 200 9380
a 201 202 2574
a 202 201 2574
a 202 203 9905
a 203 202 9905
a 203 204 3686
a 204 203 3686
a 203 246 4652
a 246 203 4652
a 203 577 9198
a 577 203 9198
a 204 205 8076
a 205 204 8076
a 204 206 3691
a 206 204 3691
a 204 247 754
a 247 204 754
a 204 931 8938
a 931 204 8938
a 204 932 394
a 932 204 394
a 205 206 211
a 206 205 211
a 206 207 4663
a 207 206 4663
a 206 248 4796
a 248 206 4796
a 206 1170 1777
a 1170 206 1777
a 207 208 5828
a 208 207 5828
a 208 209 8129
a 209 208 8129
a 210 211 1966
a 211 210 1966
a 211 212 5094
a 212 211 5094
a 211 933 9782
a 933 211 9782
a 212 1171 6343
a 1171 212 6343
a 213 214 9593
a 214 213 9593
a 214 249 1644
a 249 214 1644
a 215 216 6138
a 216 215 6138
a 216 217 303
a 217 216 303
a 217 218 395
a 218 217 395
a 217 288 4022
a 288 217 4022
a 217 616 8792
a 616 217 8792
a 218 219 6257
a 219 218 6257
a 219 220 6983
a 220 219 6983
a 220 221 5786
a 221 220 5786
a 221 222 8336
a 222 221 8336
a 221 703 6840
a 703 221 6840
a 222 223 8839
a 223 222 8839
a 223 224 997
a 224 223 997
a 223 802 7554
a 802 223 7554
a 224 225 3749
a 225 224 3749
a 224 808 6620
a 808 224 6620
a 225 226 9045
a 226 225 9045
a 225 708 3594
a 708 225 3594
a 225 709 7135
a 709 225 7135
a 226 227 2742
a 227 226 2742
a 227 228 9574
a 228 227 9574
a 228 811 227
a 811 228 227
a 228 834 8955
a 834 228 8955
a 228 835 4719
a 835 228 4719
a 229 230 7469
a 230 229 7469
a 229 730 6748
a 730 229 6748
a 229 731 1987
a 731 229 1987
a 229 858 4001
a 858 229 4001
a 230 231 442
a 231 230 442
a 230 400 6055
a 400 230 6055
a 231 232 8679
a 232 231 8679
a 232 233 2632
a 233 232 2632
a 232 401 206
a 401 232 206
a 232 424 2814
a 424 232 2814
a 233 234 8061
a 234 233 8061
a 233 427 4194
a 427 233 4194
a 233 428 89
a 428 233 89
a 233 1033 8129
a 1033 233 8129
a 234 1031 8165
a 1031 234 8165
a 235 236 2451
a 236 235 2451
a 235 1051 4782
a 1051 235 4782
a 236 237 8650
a 237 236 8650
a 236 501 4894
a 501 236 4894
a 236 502 9318
a 502 236 9318
a 236 717 2869
a 717 236 2869
a 236 718 3698
a 718 236 3698
a 236 720 4959
a 720 236 4959
a 236 735 797
a 735 236 797
a 237 238 4781
a 238 237 4781
a 237 910 6348
a 910 237 6348
a 238 239 867
a 239 238 867
a 238 1092 1433
a 1092 238 1433
a 239 240 3756
a 240 239 3756
a 240 241 9742
a 241 240 9742
a 240 546 3124
a 546 240 3124
a 240 547 1237
a 547 240 1237
a 240 1118 7140
a 1118 240 7140
a 241 242 3777
a 242 241 3777
a 241 549 3122
a 549 241 3122
a 241 563 9693
a 563 241 9693
a 242 1154 3157
a 1154 242 3157
a 243 244 6286
a 244 243 6286
a 244 245 1137
a 245 244 1137
a 245 246 9500
a 246 245 9500
a 246 247 5865
a 247 246 5865
a 246 276 5208
a 276 246 5208
a 246 747 1276
a 747 246 1276
a 249 250 2882
a 250 249 2882
a 250 251 9487
a 251 250 9487
a 252 253 6536
a 253 252 6536
a 252 1009 4777
a 1009 252 4777
a 253 254 4725
a 254 253 4725
a 253 401 7623
a 401 253 7623
a 253 711 5747
a 711 253 5747
a 253 995 8891
a 995 253 8891
a 254 255 7839
a 255 254 7839
a 254 403 8935
a 403 254 8935
a 254 860 8744
a 860 254 8744
a 254 995 1662
a 995 254 1662
a 255 256 4533
a 256 255 4533
a 256 257 1368
a 257 256 1368
a 257 258 2550
a 258 257 2550
a 258 259 8531
a 259 258 8531
a 259 260 9399
a 260 259 9399
a 259 466 7808
a 466 259 7808
a 259 467 9723
a 467 259 9723
a 260 261 9080
a 261 260 9080
a 261 262 9315
a 262 261 9315
a 262 263 2028
a 263 262 2028
a 262 748 7911
a 748 262 7911
a 262 894 4530
a 894 262 4530
a 263 264 1572
a 264 263 1572
a 264 265 5754
a 265 264 5754
a 264 510 8974
a 510 264 8974
a 265 266 6153
a 266 265 6153
a 265 509 2345
a 509 265 2345
a 265 512 2897
a 512 265 2897
a 265 551 6044
a 551 265 6044
a 265 753 7713
a 753 265 7713
a 266 267 656
a 267 266 656
a 267 268 1981
a 268 267 1981
a 267 552 7810
a 552 267 7810
a 268 269 3137
a 269 268 3137
a 268 754 8976
a 754 268 8976
a 269 270 5931
a 270 269 5931
a 269 553 751
a 553 269 751
a 269 1125 2002
a 1125 269 2002
a 270 271 3046
a 271 270 3046
a 270 760 9149
a 760 270 9149
a 270 1126 6651
a 1126 270 6651
a 271 272 518
a 272 271 518
a 272 273 3799
a 273 272 3799
a 273 274 698
a 274 273 698
a 274 275 2541
a 275 274 2541
a 275 276 9330
a 276 275 9330
a 276 578 4277
a 578 276 4277
a 277 278 9189
a 278 277 9189
a 277 284 3004
a 284 277 3004
a 277 290 3753
a 290 277 3753
a 277 378 6925
a 378 277 6925
a 277 837 6008
a 837 277 6008
a 278 279 3026
a 279 278 3026
a 278 711 7254
a 711 278 7254
a 279 280 3116
a 280 279 3116
a 279 1008 7502
a 1008 279 7502
a 280 281 6412
a 281 280 6412
a 280 287 9589
a 287 280 9589
a 280 292 706
a 292 280 706
a 280 433 7146
a 433 280 7146
a 280 434 5374
a 434 280 5374
a 281 756 943
a 756 281 943
a 281 896 1487
a 896 281 1487
a 281 897 263
a 897 281 263
a 282 283 7395
a 283 282 7395
a 282 555 5873
a 555 282 5873
a 284 285 1066
a 285 284 1066
a 284 291 6732
a 291 284 6732
a 284 296 7554
a 296 284 7554
a 284 297 2968
a 297 284 2968
a 284 310 6672
a 310 284 6672
a 284 404 5499
a 404 284 5499
a 284 405 8173
a 405 284 8173
a 284 847 4875
a 847 284 4875
a 284 848 1113
a 848 284 1113
a 285 286 4567
a 286 285 4567
a 286 287 8083
a 287 286 8083
a 287 865 5780
a 865 287 5780
a 288 289 6518
a 289 288 6518
a 289 290 8800
a 290 289 8800
a 291 292 1109
a 292 291 1109
a 292 293 6780
a 293 292 6780
a 292 435 1559
a 435 292 1559
a 293 294 3469
a 294 293 3469
a 294 295 1062
a 295 294 1062
a 297 298 9474
a 298 297 9474
a 297 865 4889
a 865 297 4889
a 297 866 8628
a 866 297 8628
a 298 782 7739
a 782 298 7739
a 298 783 5368
a 783 298 5368
a 299 300 2604
a 300 299 2604
a 299 314 2904
a 314 299 2904
a 299 474 8353
a 474 299 8353
a 300 301 1147
a 301 300 1147
a 301 302 515
a 302 301 515
a 302 303 2560
a 303 302 2560
a 303 304 4222
a 304 303 4222
a 304 305 5228
a 305 304 5228
a 304 519 4901
a 519 304 4901
a 304 520 2768
a 520 304 2768
a 305 306 2832
a 306 305 2832
a 305 942 160
a 942 305 160
a 306 307 3824
a 307 306 3824
a 307 308 198
a 308 307 198
a 308 309 4850
a 309 308 4850
a 310 311 2384
a 311 310 2384
a 311 312 3437
a 312 311 3437
a 312 313 2564
a 313 312 2564
a 312 435 6157
a 435 312 6157
a 313 314 958
a 314 313 958
a 313 321 3726
a 321 313 3726
a 314 315 8981
a 315 314 8981
a 315 316 6571
a 316 315 6571
a 316 317 741
a 317 316 741
a 316 522 116
a 522 316 116
a 317 318 9325
a 318 317 9325
a 317 945 3143
a 945 317 3143
a 319 320 2011
a 320 319 2011
a 319 406 5373
a 406 319 5373
a 319 407 3297
a 407 319 3297
a 320 321 9312
a 321 320 9312
a 320 866 6998
a 866 320 6998
a 320 867 8107
a 867 320 8107
a 321 322 6512
a 322 321 6512
a 321 436 6987
a 436 321 6987
a 322 323 8664
a 323 322 8664
a 323 324 4896
a 324 323 4896
a 324 325 1421
a 325 324 1421
a 325 326 728
a 326 325 728
a 326 327 2072
a 327 326 2072
a 327 328 4901
a 328 327 4901
a 328 523 314
a 523 328 314
a 329 330 7373
a 330 329 7373
a 329 407 9454
a 407 329 9454
a 329 408 762
a 408 329 762
a 330 331 850
a 331 330 850
a 331 332 3919
a 332 331 3919
a 332 333 2299
a 333 332 2299
a 333 334 7816
a 334 333 7816
a 334 335 6771
a 335 334 6771
a 334 343 9648
a 343 334 9648
a 335 336 3059
a 336 335 3059
a 335 870 642
a 870 335 642
a 336 337 5895
a 337 336 5895
a 336 444 8802
a 444 336 8802
a 337 338 9992
a 338 337 9992
a 337 443 6697
a 443 337 6697
a 337 954 2878
a 954 337 2878
a 338 339 3865
a 339 338 3865
a 338 954 7604
a 954 338 7604
a 339 340 5614
a 340 339 5614
a 339 531 8025
a 531 339 8025
a 339 532 8670
a 532 339 8670
a 339 957 6034
a 957 339 6034
a 341 342 851
a 342 341 851
a 341 350 261
a 350 341 261
a 341 408 5087
a 408 341 5087
a 341 854 8730
a 854 341 8730
a 342 343 5675
a 343 342 5675
a 342 976 6977
a 976 342 6977
a 343 344 36
a 344 343 36
a 343 351 5479
a 351 343 5479
a 344 345 9984
a 345 344 9984
a 345 346 2830
a 346 345 2830
a 346 347 5133
a 347 346 5133
a 346 445 3959
a 445 346 3959
a 346 965 99
a 965 346 99
a 347 348 6563
a 348 347 6563
a 347 444 2200
a 444 347 2200
a 347 956 1438
a 956 347 1438
a 348 349 8701
a 349 348 8701
a 350 351 1210
a 351 350 1210
a 351 352 3790
a 352 351 3790
a 351 977 4631
a 977 351 4631
a 352 353 2004
a 353 352 2004
a 353 354 9883
a 354 353 9883
a 353 449 3581
a 449 353 3581
a 353 450 41
a 450 353 41
a 355 356 2010
a 356 355 2010
a 357 358 2994
a 358 357 2994
a 358 359 5984
a 359 358 5984
a 359 360 5665
a 360 359 5665
a 360 361 6912
a 361 360 6912
a 361 362 8047
a 362 361 8047
a 361 611 5690
a 611 361 5690
a 361 612 5538
a 612 361 5538
a 362 363 4743
a 363 362 4743
a 363 364 186
a 364 363 186
a 364 800 6385
a 800 364 6385
a 364 801 4246
a 801 364 4246
a 365 366 4391
a 366 365 4391
a 366 367 1793
a 367 366 1793
a 367 382 7799
a 382 367 7799
a 367 590 5663
a 590 367 5663
a 368 369 2904
a 369 368 2904
a 369 370 9424
a 370 369 9424
a 369 840 8069
a 840 369 8069
a 370 371 6606
a 371 370 6606
a 370 623 5374
a 623 370 5374
a 373 374 7388
a 374 373 7388
a 373 793 4560
a 793 373 4560
a 375 376 1599
a 376 375 1599
a 375 831 6786
a 831 375 6786
a 375 832 4444
a 832 375 4444
a 376 796 4109
a 796 376 4109
a 376 797 879
a 797 376 879
a 377 378 9306
a 378 377 9306
a 377 711 8564
a 711 377 8564
a 377 998 5280
a 998 377 5280
a 377 1006 2124
a 1006 377 2124
a 379 380 2443
a 380 379 2443
a 379 986 6319
a 986 379 6319
a 380 381 32
a 381 380 32
a 381 382 4455
a 382 381 4455
a 383 384 5845
a 384 383 5845
a 384 385 888
a 385 384 888
a 385 386 2871
a 386 385 2871
a 386 387 600
a 387 386 600
a 387 388 6733
a 388 387 6733
a 389 390 9701
a 390 389 9701
a 389 861 5734
a 861 389 5734
a 390 391 5135
a 391 390 5135
a 390 855 2728
a 855 390 2728
a 392 393 2897
a 393 392 2897
a 394 395 5669
a 395 394 5669
a 394 987 6402
a 987 394 6402
a 395 396 994
a 396 395 994
a 396 397 9141
a 397 396 9141
a 397 669 8823
a 669 397 8823
a 398 399 8
a 399 398 8
a 399 682 5759
a 682 399 5759
a 400 401 1058
a 401 400 1058
a 400 424 4187
a 424 400 4187
a 401 402 4816
a 402 401 4816
a 401 731 9401
a 731 401 9401
a 401 732 6925
a 732 401 6925
a 401 1019 5520
a 1019 401 5520
a 402 403 1823
a 403 402 1823
a 402 452 5960
a 452 402 5960
a 402 475 8727
a 475 402 8727
a 403 404 4464
a 404 403 4464
a 403 1008 7252
a 1008 403 7252
a 405 406 1695
a 406 405 1695
a 407 851 4792
a 851 407 4792
a 409 410 8109
a 410 409 8109
a 409 862 3322
a 862 409 3322
a 409 1024 467
a 1024 409 467
a 410 411 9768
a 411 410 9768
a 411 412 106
a 412 411 106
a 412 1014 7385
a 1014 412 7385
a 413 414 6647
a 414 413 6647
a 413 876 4410
a 876 413 4410
a 413 1029 2640
a 1029 413 2640
a 414 1015 5993
a 1015 414 5993
a 415 416 4882
a 416 415 4882
a 416 417 1877
a 417 416 1877
a 416 669 1184
a 669 416 1184
a 416 670 3525
a 670 416 3525
a 416 883 7666
a 883 416 7666
a 417 418 9120
a 418 417 9120
a 418 419 4600
a 419 418 4600
a 419 420 4712
a 420 419 4712
a 420 421 1898
a 421 420 1898
a 421 422 5753
a 422 421 5753
a 421 690 8255
a 690 421 8255
a 421 691 5478
a 691 421 5478
a 422 683 3367
a 683 422 3367
a 424 425 3265
a 425 424 3265
a 424 712 2922
a 712 424 2922
a 425 426 8121
a 426 425 8121
a 426 427 4336
a 427 426 4336
a 428 429 8136
a 429 428 8136
a 428 732 8225
a 732 428 8225
a 428 733 5463
a 733 428 5463
a 429 430 6668
a 430 429 6668
a 429 732 3617
a 732 429 3617
a 429 1016 5308
a 1016 429 5308
a 430 431 9532
a 431 430 9532
a 431 432 1245
a 432 431 1245
a 432 433 434
a 433 432 434
a 432 465 3046
a 465 432 3046
a 432 1019 9242
a 1019 432 9242
a 433 434 1338
a 434 433 1338
a 433 1020 5467
a 1020 433 5467
a 434 468 5188
a 468 434 5188
a 436 437 9129
a 437 436 9129
a 437 438 3098
a 438 437 3098
a 438 439 2976
a 439 438 2976
a 439 440 2255
a 440 439 2255
a 439 523 1260
a 523 439 1260
a 439 950 1788
a 950 439 1788
a 440 441 5876
a 441 440 5876
a 440 527 652
a 527 440 652
a 440 528 4722
a 528 440 4722
a 440 950 116
a 950 440 116
a 441 442 3812
a 442 441 3812
a 442 443 3501
a 443 442 3501
a 442 953 4886
a 953 442 4886
a 445 446 8592
a 446 445 8592
a 445 969 2077
a 969 445 2077
a 446 447 4849
a 447 446 4849
a 447 448 5092
a 448 447 5092
a 448 449 1352
a 449 448 1352
a 448 973 1787
a 973 448 1787
a 450 451 9542
a 451 450 9542
a 452 453 3719
a 453 452 3719
a 453 478 2132
a 478 453 2132
a 453 479 2191
a 479 453 2191
a 453 885 6943
a 885 453 6943
a 454 874 708
a 874 454 708
a 454 881 1287
a 881 454 1287
a 454 885 7963
a 885 454 7963
a 455 456 4192
a 456 455 4192
a 455 882 8749
a 882 455 8749
a 456 457 4825
a 457 456 4825
a 458 459 5886
a 459 458 5886
a 459 687 6166
a 687 459 6166
a 459 688 3315
a 688 459 3315
a 459 694 8627
a 694 459 8627
a 460 461 1015
a 461 460 1015
a 460 1045 3204
a 1045 460 3204
a 461 462 7211
a 462 461 7211
a 461 1018 1347
a 1018 461 1347
a 462 463 455
a 463 462 455
a 462 464 5080
a 464 462 5080
a 462 717 6699
a 717 462 6699
a 462 735 4112
a 735 462 4112
a 463 464 4312
a 464 463 4312
a 464 465 8283
a 465 464 8283
a 464 1047 7122
a 1047 464 7122
a 465 466 7639
a 466 465 7639
a 465 748 6147
a 748 465 6147
a 467 468 8471
a 468 467 8471
a 468 469 6049
a 469 468 6049
a 468 1067 4163
a 1067 468 4163
a 469 470 5251
a 470 469 5251
a 470 471 9380
a 471 470 9380
a 470 896 1722
a 896 470 1722
a 470 1068 5196
a 1068 470 5196
a 471 472 1700
a 472 471 1700
a 472 473 2731
a 473 472 2731
a 473 474 8195
a 474 473 8195
a 473 899 1318
a 899 473 1318
a 475 476 6983
a 476 475 6983
a 476 477 8524
a 477 476 8524
a 477 478 1175
a 478 477 1175
a 477 900 7466
a 900 477 7466
a 478 479 2677
a 479 478 2677
a 479 620 8762
a 620 479 8762
a 480 481 2521
a 481 480 2521
a 481 482 8561
a 482 481 8561
a 482 483 3789
a 483 482 3789
a 482 628 1075
a 628 482 1075
a 483 484 5206
a 484 483 5206
a 484 485 525
a 485 484 525
a 486 487 5756
a 487 486 5756
a 487 488 3118
a 488 487 3118
a 487 672 3974
a 672 487 3974
a 488 489 7730
a 489 488 7730
a 489 490 4568
a 490 489 4568
a 489 675 6301
a 675 489 6301
a 490 491 5615
a 491 490 5615
a 490 674 3345
a 674 490 3345
a 491 492 5593
a 492 491 5593
a 491 494 498
a 494 491 498
a 491 495 9254
a 495 491 9254
a 492 493 6982
a 493 492 6982
a 497 696 9637
a 696 497 9637
a 497 893 8750
a 893 497 8750
a 498 499 4482
a 499 498 4482
a 499 500 5031
a 500 499 5031
a 499 689 1222
a 689 499 1222
a 499 698 2180
a 698 499 2180
a 500 501 8751
a 501 500 8751
a 502 503 2989
a 503 502 2989
a 503 504 6329
a 504 503 6329
a 503 1046 9021
a 1046 503 9021
a 504 505 3996
a 505 504 3996
a 504 737 7343
a 737 504 7343
a 504 738 4774
a 738 504 4774
a 504 749 2708
a 749 504 2708
a 504 910 9298
a 910 504 9298
a 505 506 1737
a 506 505 1737
a 505 750 5239
a 750 505 5239
a 505 1052 6209
a 1052 505 6209
a 506 507 5953
a 507 506 5953
a 506 751 8348
a 751 506 8348
a 507 508 6920
a 508 507 6920
a 508 509 979
a 509 508 979
a 508 752 8584
a 752 508 8584
a 508 753 3455
a 753 508 3455
a 508 1048 4281
a 1048 508 4281
a 509 1053 8550
a 1053 509 8550
a 510 511 5600
a 511 510 5600
a 510 758 9699
a 758 510 9699
a 511 512 9586
a 512 511 9586
a 512 513 9429
a 513 512 9429
a 512 554 4055
a 554 512 4055
a 512 759 836
a 759 512 836
a 513 1095 8356
a 1095 513 8356
a 514 515 2569
a 515 514 2569
a 514 558 6452
a 558 514 6452
a 515 516 3083
a 516 515 3083
a 515 785 6024
a 785 515 6024
a 516 517 7743
a 517 516 7743
a 516 1108 811
a 1108 516 811
a 517 518 9776
a 518 517 9776
a 518 519 8070
a 519 518 8070
a 520 521 7671
a 521 520 7671
a 521 522 4175
a 522 521 4175
a 523 524 8925
a 524 523 8925
a 523 951 3956
a 951 523 3956
a 524 525 5272
a 525 524 5272
a 525 526 8255
a 526 525 8255
a 526 527 9566
a 527 526 9566
a 528 529 7433
a 529 528 7433
a 529 530 2002
a 530 529 2002
a 530 531 9087
a 531 530 9087
a 532 533 6981
a 533 532 6981
a 532 959 1053
a 959 532 1053
a 533 534 2828
a 534 533 2828
a 534 956 2708
a 956 534 2708
a 535 536 3737
a 536 535 3737
a 535 591 1311
a 591 535 1311
a 536 1139 603
a 1139 536 603
a 537 621 2555
a 621 537 2555
a 537 622 8062
a 622 537 8062
a 538 539 7410
a 539 538 7410
a 538 1110 868
a 1110 538 868
a 539 540 8998
a 540 539 8998
a 540 1112 6209
a 1112 540 6209
a 541 542 917
a 542 541 917
a 543 544 1592
a 544 543 1592
a 543 545 5252
a 545 543 5252
a 544 545 5018
a 545 544 5018
a 545 699 7886
a 699 545 7886
a 545 702 7422
a 702 545 7422
a 547 548 2716
a 548 547 2716
a 548 549 2435
a 549 548 2435
a 548 910 4610
a 910 548 4610
a 549 550 5551
a 550 549 5551
a 550 551 566
a 551 550 566
a 550 741 5832
a 741 550 5832
a 550 742 611
a 742 550 611
a 550 753 123
a 753 550 123
a 552 553 3254
a 553 552 3254
a 553 554 6068
a 554 553 6068
a 554 760 8983
a 760 554 8983
a 555 556 2841
a 556 555 2841
a 556 557 3158
a 557 556 3158
a 557 558 1723
a 558 557 1723
a 559 560 4608
a 560 559 4608
a 559 593 6363
a 593 559 6363
a 559 594 7311
a 594 559 7311
a 561 562 8055
a 562 561 8055
a 562 911 3742
a 911 562 3742
a 563 564 6352
a 564 563 6352
a 563 745 5843
a 745 563 5843
a 563 746 5721
a 746 563 5721
a 563 1154 7149
a 1154 563 7149
a 564 565 4322
a 565 564 4322
a 565 566 2666
a 566 565 2666
a 566 567 513
a 567 566 513
a 566 580 6636
a 580 566 6636
a 567 568 6272
a 568 567 6272
a 567 775 4118
a 775 567 4118
a 568 569 2345
a 569 568 2345
a 569 570 7628
a 570 569 7628
a 570 571 2439
a 571 570 2439
a 572 573 2821
a 573 572 2821
a 574 575 4875
a 575 574 4875
a 575 576 1104
a 576 575 1104
a 575 1150 5561
a 1150 575 5561
a 577 931 7716
a 931 577 7716
a 577 1164 739
a 1164 577 739
a 578 766 5335
a 766 578 5335
a 578 767 1039
a 767 578 1039
a 579 580 1995
a 580 579 1995
a 580 581 3520
a 581 580 3520
a 580 1155 388
a 1155 580 388
a 581 582 8266
a 582 581 8266
a 581 775 4168
a 775 581 4168
a 581 928 4291
a 928 581 4291
a 582 583 102
a 583 582 102
a 583 584 8837
a 584 583 8837
a 584 585 9115
a 585 584 9115
a 586 587 7386
a 587 586 7386
a 587 588 8041
a 588 587 8041
a 587 812 727
a 812 587 727
a 587 820 8203
a 820 587 8203
a 588 589 6119
a 589 588 6119
a 589 590 9240
a 590 589 9240
a 591 592 2117
a 592 591 2117
a 592 593 2820
a 593 592 2820
a 593 918 200
a 918 593 200
a 594 595 3612
a 595 594 3612
a 595 596 7748
a 596 595 7748
a 597 598 8542
a 598 597 8542
a 597 884 2812
a 884 597 2812
a 598 1072 7894
a 1072 598 7894
a 598 1073 4348
a 1073 598 4348
a 600 601 2379
a 601 600 2379
a 600 819 4587
a 819 600 4587
a 600 829 4069
a 829 600 4069
a 600 830 5176
a 830 600 5176
a 601 602 9388
a 602 601 9388
a 602 603 1284
a 603 602 1284
a 603 604 773
a 604 603 773
a 603 985 8777
a 985 603 8777
a 604 605 2416
a 605 604 2416
a 604 634 2964
a 634 604 2964
a 605 606 7572
a 606 605 7572
a 606 607 1786
a 607 606 1786
a 607 608 3003
a 608 607 3003
a 608 609 1330
a 609 608 1330
a 608 800 1426
a 800 608 1426
a 609 610 1679
a 610 609 1679
a 612 613 2207
a 613 612 2207
a 613 614 3480
a 614 613 3480
a 614 615 9988
a 615 614 9988
a 614 716 6055
a 716 614 6055
a 615 616 9513
a 616 615 9513
a 617 618 8715
a 618 617 8715
a 618 619 8469
a 619 618 8469
a 619 1139 608
a 1139 619 608
a 620 621 4762
a 621 620 4762
a 623 624 7707
a 624 623 7707
a 623 841 6682
a 841 623 6682
a 624 625 8873
a 625 624 8873
a 625 626 9744
a 626 625 9744
a 626 627 5190
a 627 626 5190
a 628 862 1792
a 862 628 1792
a 629 902 8035
a 902 629 8035
a 633 842 1249
a 842 633 1249
a 633 991 3368
a 991 633 3368
a 633 992 8949
a 992 633 8949
a 634 635 8208
a 635 634 8208
a 635 636 660
a 636 635 660
a 636 637 4861
a 637 636 4861
a 637 638 9295
a 638 637 9295
a 638 639 9390
a 639 638 9390
a 639 640 4748
a 640 639 4748
a 641 642 5750
a 642 641 5750
a 642 643 7885
a 643 642 7885
a 643 644 2269
a 644 643 2269
a 643 984 2353
a 984 643 2353
a 644 645 5386
a 645 644 5386
a 646 647 5672
a 647 646 5672
a 647 648 1899
a 648 647 1899
a 649 650 2428
a 650 649 2428
a 650 651 5540
a 651 650 5540
a 651 652 2517
a 652 651 2517
a 651 813 2914
a 813 651 2914
a 653 654 7455
a 654 653 7455
a 654 655 6890
a 655 654 6890
a 655 656 2730
a 656 655 2730
a 657 658 9991
a 658 657 9991
a 658 659 7872
a 659 658 7872
a 659 660 3981
a 660 659 3981
a 660 661 5226
a 661 660 5226
a 661 662 611
a 662 661 611
a 662 663 8816
a 663 662 8816
a 663 664 140
a 664 663 140
a 664 665 847
a 665 664 847
a 665 824 4286
a 824 665 4286
a 666 667 3803
a 667 666 3803
a 667 668 1908
a 668 667 1908
a 671 672 1171
a 672 671 1171
a 671 673 6583
a 673 671 6583
a 673 674 9854
a 674 673 9854
a 674 890 499
a 890 674 499
a 675 676 9979
a 676 675 9979
a 676 677 4624
a 677 676 4624
a 679 680 9952
a 680 679 9952
a 680 681 2506
a 681 680 2506
a 682 683 3345
a 683 682 3345
a 682 1026 806
a 1026 682 806
a 683 684 3343
a 684 683 3343
a 683 692 3823
a 692 683 3823
a 684 685 5436
a 685 684 5436
a 685 686 2111
a 686 685 2111
a 686 687 2760
a 687 686 2760
a 686 887 2642
a 887 686 2642
a 687 1030 3614
a 1030 687 3614
a 688 689 988
a 689 688 988
a 688 1043 6803
a 1043 688 6803
a 691 692 2760
a 692 691 2760
a 692 693 1034
a 693 692 1034
a 693 886 5470
a 886 693 5470
a 693 887 8648
a 887 693 8648
a 694 695 8547
a 695 694 8547
a 696 697 6304
a 697 696 6304
a 696 1081 2117
a 1081 696 2117
a 697 698 6754
a 698 697 6754
a 698 699 5331
a 699 698 5331
a 698 700 566
a 700 698 566
a 698 907 3
a 907 698 3
a 698 908 4702
a 908 698 4702
a 699 700 2661
a 700 699 2661
a 701 702 7108
a 702 701 7108
a 702 1082 3006
a 1082 702 3006
a 703 704 9871
a 704 703 9871
a 704 705 7609
a 705 704 7609
a 705 706 6956
a 706 705 6956
a 706 707 7429
a 707 706 7429
a 707 708 2754
a 708 707 2754
a 709 710 1506
a 710 709 1506
a 709 809 7301
a 809 709 7301
a 709 811 4874
a 811 709 4874
a 710 810 5433
a 810 710 5433
a 711 728 199
a 728 711 199
a 711 845 6819
a 845 711 6819
a 711 846 4621
a 846 711 4621
a 712 713 4327
a 713 712 4327
a 713 714 8038
a 714 713 8038
a 714 715 3972
a 715 714 3972
a 715 1031 778
a 1031 715 778
a 717 736 3031
a 736 717 3031
a 720 721 2744
a 721 720 2744
a 721 722 2057
a 722 721 2057
a 722 723 2425
a 723 722 2425
a 722 1092 4777
a 1092 722 4777
a 723 724 8800
a 724 723 8800
a 724 725 3055
a 725 724 3055
a 725 726 5251
a 726 725 5251
a 725 1091 1385
a 1091 725 1385
a 725 1116 7580
a 1116 725 7580
a 726 727 4505
a 727 726 4505
a 728 729 9748
a 729 728 9748
a 728 1009 7693
a 1009 728 7693
a 728 1010 7518
a 1010 728 7518
a 729 730 284
a 730 729 284
a 729 859 9884
a 859 729 9884
a 733 734 9356
a 734 733 9356
a 734 735 53
a 735 734 53
a 736 737 5174
a 737 736 5174
a 738 739 8719
a 739 738 8719
a 739 740 8486
a 740 739 8486
a 739 752 3540
a 752 739 3540
a 739 910 9148
a 910 739 9148
a 740 741 7836
a 741 740 7836
a 743 744 9539
a 744 743 9539
a 744 745 6276
a 745 744 6276
a 745 755 5887
a 755 745 5887
a 746 747 6843
a 747 746 6843
a 748 749 1900
a 749 748 1900
a 749 750 2021
a 750 749 2021
a 751 752 9034
a 752 751 9034
a 752 753 5296
a 753 752 5296
a 754 755 896
a 755 754 896
a 756 757 7344
a 757 756 7344
a 757 758 9115
a 758 757 9115
a 758 759 2124
a 759 758 2124
a 758 1069 2852
a 1069 758 2852
a 760 761 2248
a 761 760 2248
a 761 762 9371
a 762 761 9371
a 762 763 6418
a 763 762 6418
a 763 764 5851
a 764 763 5851
a 764 765 1150
a 765 764 1150
a 765 766 9596
a 766 765 9596
a 766 922 1415
a 922 766 1415
a 767 768 3469
a 768 767 3469
a 768 769 244
a 769 768 244
a 768 935 3838
a 935 768 3838
a 768 1156 9250
a 1156 768 9250
a 768 1157 2439
a 1157 768 2439
a 769 770 3561
a 770 769 3561
a 770 771 1181
a 771 770 1181
a 771 772 2772
a 772 771 2772
a 772 773 863
a 773 772 863
a 773 774 6035
a 774 773 6035
a 776 777 1643
a 777 776 1643
a 777 778 5745
a 778 777 5745
a 778 779 785
a 779 778 785
a 779 780 8395
a 780 779 8395
a 781 782 3670
a 782 781 3670
a 781 897 3484
a 897 781 3484
a 781 898 5035
a 898 781 5035
a 783 784 2082
a 784 783 2082
a 784 785 8213
a 785 784 8213
a 786 787 6273
a 787 786 6273
a 787 788 4514
a 788 787 4514
a 788 789 3426
a 789 788 3426
a 789 790 5668
a 790 789 5668
a 790 791 2251
a 791 790 2251
a 791 792 3487
a 792 791 3487
a 792 949 8111
a 949 792 8111
a 793 794 778
a 794 793 778
a 794 795 9190
a 795 794 9190
a 795 796 8442
a 796 795 8442
a 795 844 9404
a 844 795 9404
a 797 798 4435
a 798 797 4435
a 798 799 8638
a 799 798 8638
a 799 800 2177
a 800 799 2177
a 801 802 7241
a 802 801 7241
a 802 807 6479
a 807 802 6479
a 803 804 1655
a 804 803 1655
a 804 805 1845
a 805 804 1845
a 805 806 106
a 806 805 106
a 806 807 2262
a 807 806 2262
a 808 809 3062
a 809 808 3062
a 809 810 8993
a 810 809 8993
a 813 814 4755
a 814 813 4755
a 814 815 8982
a 815 814 8982
a 815 816 4076
a 816 815 4076
a 816 817 8247
a 817 816 8247
a 817 818 5296
a 818 817 5296
a 818 819 1498
a 819 818 1498
a 821 822 1939
a 822 821 1939
a 822 823 6537
a 823 822 6537
a 824 825 3393
a 825 824 3393
a 825 826 5801
a 826 825 5801
a 826 827 6705
a 827 826 6705
a 827 828 2529
a 828 827 2529
a 828 829 6259
a 829 828 6259
a 829 983 6441
a 983 829 6441
a 830 831 7978
a 831 830 7978
a 832 833 4670
a 833 832 4670
a 835 836 7145
a 836 835 7145
a 836 837 9694
a 837 836 9694
a 838 839 1554
a 839 838 1554
a 839 840 3867
a 840 839 3867
a 842 987 729
a 987 842 729
a 843 993 8834
a 993 843 8834
a 846 847 1791
a 847 846 1791
a 846 996 1469
a 996 846 1469
a 846 997 371
a 997 846 371
a 848 849 3746
a 849 848 3746
a 849 850 3229
a 850 849 3229
a 850 851 6106
a 851 850 6106
a 851 852 9404
a 852 851 9404
a 852 853 2355
a 853 852 2355
a 853 854 4843
a 854 853 4843
a 856 857 3424
a 857 856 3424
a 857 858 5577
a 858 857 5577
a 859 860 7472
a 860 859 7472
a 862 1027 1762
a 1027 862 1762
a 867 868 7849
a 868 867 7849
a 868 869 3943
a 869 868 3943
a 869 870 4753
a 870 869 4753
a 871 872 2582
a 872 871 2582
a 872 873 7369
a 873 872 7369
a 873 874 5767
a 874 873 5767
a 874 875 2569
a 875 874 2569
a 874 1028 1557
a 1028 874 1557
a 876 877 5601
a 877 876 5601
a 877 878 4870
a 878 877 4870
a 878 879 1644
a 879 878 1644
a 880 881 7981
a 881 880 7981
a 882 883 7092
a 883 882 7092
a 884 885 11
a 885 884 11
a 884 1023 4203
a 1023 884 4203
a 891 892 4890
a 892 891 4890
a 892 893 5186
a 893 892 5186
a 893 1044 538
a 1044 893 538
a 894 895 5518
a 895 894 5518
a 894 1065 2205
a 1065 894 2205
a 894 1066 9206
a 1066 894 9206
a 895 896 9990
a 896 895 9990
a 896 1064 6413
a 1064 896 6413
a 896 1069 5480
a 1069 896 5480
a 898 899 5545
a 899 898 5545
a 900 901 66
a 901 900 66
a 902 903 2810
a 903 902 2810
a 903 904 53
a 904 903 53
a 905 906 2498
a 906 905 2498
a 907 1082 1128
a 1082 907 1128
a 908 909 2382
a 909 908 2382
a 911 912 7863
a 912 911 7863
a 913 914 8603
a 914 913 8603
a 915 916 4227
a 916 915 4227
a 916 917 5199
a 917 916 5199
a 918 919 488
a 919 918 488
a 918 1128 3488
a 1128 918 3488
a 918 1129 7287
a 1129 918 7287
a 919 920 7306
a 920 919 7306
a 919 1131 7505
a 1131 919 7505
a 920 921 3574
a 921 920 3574
a 922 923 7281
a 923 922 7281
a 924 925 7891
a 925 924 7891
a 925 926 872
a 926 925 872
a 926 927 5845
a 927 926 5845
a 928 929 9400
a 929 928 9400
a 929 930 5799
a 930 929 5799
a 933 934 3795
a 934 933 3795
a 935 936 692
a 936 935 692
a 936 937 5891
a 937 936 5891
a 938 939 8490
a 939 938 8490
a 939 940 380
a 940 939 380
a 940 941 1696
a 941 940 1696
a 942 943 6260
a 943 942 6260
a 943 944 4193
a 944 943 4193
a 945 946 1389
a 946 945 1389
a 946 947 9672
a 947 946 9672
a 947 948 2354
a 948 947 2354
a 948 949 7902
a 949 948 7902
a 950 952 730
a 952 950 730
a 954 955 9496
a 955 954 9496
a 955 956 3860
a 956 955 3860
a 957 958 2916
a 958 957 2916
a 958 959 1885
a 959 958 1885
a 959 960 6592
a 960 959 6592
a 959 962 8713
a 962 959 8713
a 960 961 5366
a 961 960 5366
a 962 963 1117
a 963 962 1117
a 963 964 2769
a 964 963 2769
a 965 966 8885
a 966 965 8885
a 965 968 7280
a 968 965 7280
a 966 967 1784
a 967 966 1784
a 968 969 8611
a 969 968 8611
a 969 970 6230
a 970 969 6230
a 971 972 3025
a 972 971 3025
a 974 975 2927
a 975 974 2927
a 974 978 3141
a 978 974 3141
a 975 976 8693
a 976 975 8693
a 979 980 2388
a 980 979 2388
a 980 981 2353
a 981 980 2353
a 981 982 9571
a 982 981 9571
a 982 983 4183
a 983 982 4183
a 984 985 8009
a 985 984 8009
a 987 988 3775
a 988 987 3775
a 988 989 1053
a 989 988 1053
a 990 991 819
a 991 990 819
a 993 994 9301
a 994 993 9301
a 995 996 7871
a 996 995 7871
a 995 1010 634
a 1010 995 634
a 998 999 6110
a 999 998 6110
a 998 1001 3555
a 1001 998 3555
a 998 1002 4748
a 1002 998 4748
a 999 1000 9032
a 1000 999 9032
a 1002 1003 4930
a 1003 1002 4930
a 1003 1004 7829
a 1004 1003 7829
a 1004 1005 7691
a 1005 1004 7691
a 1006 1007 3246
a 1007 1006 3246
a 1011 1012 5037
a 1012 1011 5037
a 1011 1013 587
a 1013 1011 587
a 1014 1015 9192
a 1015 1014 9192
a 1016 1017 4672
a 1017 1016 4672
a 1017 1018 7478
a 1018 1017 7478
a 1019 1020 5806
a 1020 1019 5806
a 1021 1022 5487
a 1022 1021 5487
a 1024 1025 8830
a 1025 1024 8830
a 1025 1026 7482
a 1026 1025 7482
a 1031 1033 346
a 1033 1031 346
a 1034 1035 5414
a 1035 1034 5414
a 1038 1039 234
a 1039 1038 234
a 1040 1041 5444
a 1041 1040 5444
a 1041 1042 3926
a 1042 1041 3926
a 1046 1047 8423
a 1047 1046 8423
a 1049 1050 883
a 1050 1049 883
a 1050 1051 2700
a 1051 1050 2700
a 1054 1055 6017
a 1055 1054 6017
a 1055 1056 5884
a 1056 1055 5884
a 1056 1057 7283
a 1057 1056 7283
a 1057 1058 6710
a 1058 1057 6710
a 1058 1059 2603
a 1059 1058 2603
a 1059 1060 7251
a 1060 1059 7251
a 1061 1062 2546
a 1062 1061 2546
a 1062 1063 3947
